-4.677944933337135902e-01
6.768291271922121100e-01
-2.984050650148146744e-01
-6.041095213240884609e-01
-3.385770437233118768e-01
7.310853088984844983e-02
-5.504833102726107708e-01
2.027366316056113393e-01
4.311245514373157062e-01
4.492621247333066642e-02
-6.158871387103191930e-01
1.910530028933340674e+00
4.686806593459689751e-01
3.056837178220679352e-01
2.708178602171127380e-01
-6.473070762838103454e-01
5.425956164547450777e-01
4.126252839063322408e-01
-2.034522151354244135e-01
-6.855994046447025370e-02
-3.972136526704319048e-01
3.742930564794642589e-01
-8.536841174439281366e-01
1.094727588607949942e-01
-2.911077093663362869e-01
-5.991552637558762023e-02
-8.744265669342950187e-02
3.903314154859530705e-01
1.612264273345690724e-01
-6.478166068126394173e-01
5.342232388482441863e-01
-4.487495695146472285e-01
-4.296894027190453214e-01
5.772186894766511145e-01
-7.300303016970510761e-01
2.428867233203875486e-01
-2.185491305290885033e-01
-4.440128907110372780e-01
-6.074514412558723597e-02
-1.290505833622546394e-01
2.834441018354520031e-02
-5.493227406484304381e-02
7.076350587231200473e-01
-1.309397012752621936e-01
-5.408385228363824515e-01
2.998973981706566372e-01
-1.526293721087572941e-01
1.025964539773732004e-01
-1.068143276112440282e-01
-8.374059210220191618e-01
-3.112767952738444421e-01
8.550641294116332336e-01
-1.306624983439726995e-01
-1.329952611043964672e-01
3.820408927996594289e-02
8.191085631911274589e-01
3.029917611602239158e-01
8.755264807735767540e-01
5.615677327449755674e-02
-4.846469940981163460e-01
-1.413205691167764289e-01
3.194085991636975708e-01
-2.772616807966412078e-01
-2.985962880898306027e-02
-4.444763393596386503e-01
4.203044538138705488e-01
6.684781031813140650e-01
-4.750755913229869065e-02
-8.385783495907688234e-01
6.803280308375923013e-01
-7.845738641471347030e-01
-6.796317975023522528e-01
7.431988746322797101e-02
6.539502642022104739e-01
5.914315704609808266e-01
-1.026041512144036716e+00
-3.655740648524919423e-01
3.441068177529911787e-01
5.658886064072683464e-01
8.107550952984624026e-02
3.217362935620384223e-01
-3.876146710243523474e-02
7.010166492974494457e-01
1.956844908052376708e-01
-5.316204126405232877e-01
1.827247944018338954e-01
4.478017187428448009e-01
-8.828566293690258415e-02
5.072665478357013535e-01
-5.320289235440789355e-01
9.225743278517624379e-02
7.983069545604642991e-02
5.651284671442915464e-01
3.261833473171938946e-01
3.707443969099645520e-02
-1.764455935308023235e-02
-1.577457362995234591e-01
3.818076748120519115e-01
3.082132493257779687e-02
-2.022146302854403443e-01
2.169511825449066678e-01
2.035635671047993367e-01
-2.296371208778392459e-01
1.227436287385406943e-01
1.176166329983138054e-01
3.855421212593476005e-02
5.966546135477586166e-01
-1.873167963169512507e-01
-2.786973979532973988e-01
-5.859349204012515022e-01
6.938174089466594419e-01
-3.869258234729510693e-01
-8.793730374394947980e-01
-1.523565827430741620e-02
-1.464346947287345213e-01
-5.865704004153287077e-01
-9.159240259100930315e-01
3.747217076612474052e-01
-2.253067557513040442e-01
6.778471318342172980e-01
-1.695779547209328927e-02
-7.854729987883174447e-01
8.665950190105790873e-02
-4.986454321979323367e-01
-1.361345077906182506e-03
-2.264631349123276127e-01
-4.656057022233217046e-01
6.879756495075216582e-01
1.129876785473042489e+00
2.388177372606841709e-01
-2.577573651393669230e-01
3.983521025313197517e-01
7.350081164379221876e-01
1.781133151187301311e-01
2.470630454442298840e-01
5.057270970646535191e-02
-1.389060884117174488e-01
3.662697364300788322e-02
-1.513599698841822938e-01
-8.671115660230586109e-01
6.822275648110169843e-01
3.921243535134023572e-01
8.041551369547292882e-01
6.394850335145801923e-01
-4.013951804613213881e-02
1.732442285317360164e-01
3.621037122062184532e-01
-3.367020876762087944e-01
2.202089681828443921e-03
-1.052581783306086732e-01
-2.088832197922924350e-01
-4.079333417202232748e-02
1.707128747646988187e-01
2.019205839404615010e-01
-2.127394565819691608e-02
-3.241168568362916280e-02
-9.164300217630585443e-01
-2.217866590620498901e-01
9.774495952111128538e-01
-1.667715287666746149e-02
7.569575912637079851e-01
4.207570051770951891e-01
3.958061491365800766e-01
6.099550233537484045e-01
2.104362195913172251e-01
1.406280064039033550e-01
-2.964383818118949687e-01
2.451983265150894098e-01
7.745771443426978653e-01
3.675393162996510865e-01
-7.631592984937630719e-01
-1.103983217968253827e+00
-8.902446100062484380e-01
-4.321368594824562814e-01
8.417924273863161000e-01
3.860631632522948942e-01
-1.786003668267685529e-01
-3.857354808271574315e-02
-1.047495349444956592e+00
-9.357925718948756355e-01
-5.503607494336273387e-01
-5.470911177604523834e-01
-8.901312859367682684e-02
-4.538358902840134435e-01
-7.956033652714113169e-02
1.451711573041518100e-01
3.807584170210185359e-01
-4.067515049740660915e-01
1.563205705221944186e-01
4.028194002629322257e-01
7.652511627136782124e-01
2.393785539100451443e-02
-1.075262403947105039e+00
1.939156016381502201e-01
-8.287246776497940448e-02
-1.776965906576631338e-01
4.040644692523834292e-01
8.231456627190687492e-01
-2.616068868559214347e-02
-2.102714566562312870e-01
-8.539035778963556256e-01
4.511414044711515858e-01
5.697161889291199599e-02
1.986832067363318577e-01
-6.284158126462392469e-01
1.196617064440821665e-01
8.516510176591766956e-03
-6.125806743402837373e-01
3.650598917287897760e-01
1.156984593699334485e-01
-1.070517878722071936e+00
-1.289181231533000904e-01
3.701836755979305282e-01
-7.108589852938009823e-01
-4.433285201402349385e-01
-3.390549275892789649e-01
7.345111109462824084e-01
1.893096203870900107e-01
5.970452499084079045e-01
-1.645522773908200675e-01
3.965876048860916825e-01
8.455916083301857900e-02
-2.745655504661875801e-01
-2.019997264098755685e-01
-4.478788277538950924e-01
-1.008203431484319346e+00
2.149859863872910504e-01
8.599987571795532082e-01
-2.850159624791053226e-01
1.189226789190609423e+00
-4.507453312405030332e-01
-6.210674161216238609e-01
5.272836325201412100e-01
-2.070224387464175142e-01
-2.850674889842978732e-02
-4.846211742862540639e-01
-1.833756109255030853e-01
-7.837642906225396056e-01
7.303995738491633194e-01
1.360273714400810352e+00
-7.237583848695574584e-01
6.611858278770220698e-01
4.239810230103633337e-01
-2.503195538363367501e-01
-8.565062069713962334e-01
-4.282973416590027393e-01
-7.883448822524158350e-01
2.551394356821404807e-01
-3.306253502364637775e-01
-8.254432492287959444e-02
5.918019718394381679e-01
-2.773930302820688462e-02
-2.538115823247248382e-01
2.149996637425554136e-01
-6.691650863088044465e-01
-8.091859073432590421e-02
4.832545035079711254e-02
-4.345316516559352693e-01
2.533563764538448448e-01
-2.456460875325833793e-01
-7.634817686986154761e-02
2.214953386841416461e-01
-5.689199919208501877e-01
1.336270367104473999e-01
-2.659780732518572943e-01
-9.140918495802915697e-03
7.445311759712835986e-02
5.413763937794137115e-01
6.786731151729707978e-01
4.564734274702993422e-01
4.623414889925063220e-01
-8.817522180862751024e-02
-2.149844482730498690e-02
-7.775250100115889407e-02
9.087313517202118274e-02
-3.112333237746487957e-01
6.641964967416486010e-01
1.018114383575299264e-01
3.396388979925069052e-01
3.219980007767297425e-01
-2.402477471254836350e-01
3.718873555735250913e-01
6.613005763221168065e-01
-6.477444178682523201e-01
-1.280825128201425467e-01
5.424931913650615778e-01
-5.390802399252814237e-01
1.080917572498161672e+00
8.898730716455072187e-02
8.952185403594511981e-02
-6.185969057100212387e-01
1.669411512186527446e-01
-6.233142158351544226e-02
-2.016514147749686181e-01
8.947930567833930482e-01
-4.126005962996747711e-01
1.737016885091948737e-01
-1.310642262511543255e-01
-8.039972937303883072e-01
5.228755583808090274e-03
3.308479282906142682e-01
-3.117237842120046398e-01
6.926740695753768051e-01
-9.448157594845220386e-02
-4.073921578641137020e-01
6.234897298567168011e-01
-1.046351078045828720e+00
-4.590776366131868458e-01
-2.325942921736550428e-01
-1.637719706191613334e+00
-7.392531269320898879e-01
3.302584197932054155e-01
-6.215432861472091064e-01
-5.291155917250205398e-01
-8.910564732073104066e-01
2.293991805330863054e-01
-1.612311302444078276e-01
8.273108456098170194e-02
-8.154687848028916441e-01
-5.184209074657629701e-01
-2.400340337559613291e-01
7.393737343963766584e-01
7.447760442950547288e-01
3.857962015144767443e-01
-8.115271927531665375e-01
1.846110510933486548e+00
6.081402582356401632e-02
-3.922925363341163707e-01
