2.893702767817494040e-02
1.037668047921376457e+00
2.965851901233923504e-01
3.001468209761224970e-01
-2.139673423330429591e-01
2.426338494632082898e-01
-5.240981178522857720e-01
5.531610632950001612e-03
2.382569596823722047e-01
7.318726099982497679e-01
2.498878560627522047e-02
-1.045921456602911387e-01
-1.084200620384114383e-01
-2.918183387464428069e-01
3.504938908305277323e-01
-4.938417098701591845e-01
1.830860903966983755e-01
-4.760823063748632067e-01
-1.074928064953615925e+00
-3.820846063061742598e-02
1.135288045975980237e-01
2.151749657904337143e-01
4.373022709585631107e-01
-2.593836702530606941e-01
2.419640300240600839e-01
4.233106634410225277e-01
6.764455407337501003e-02
1.303913029651783129e-01
2.485922460520544053e-01
8.994311314883566277e-01
5.595220679579650941e-02
-5.120586259784931649e-01
-1.206457478896356544e-01
1.491451126467197852e-01
2.414648774884472771e-01
1.470056073260023743e-01
-3.697434752606500175e-02
-3.659690985701517518e-01
-1.950065574769546117e-01
1.867349434246772522e-01
7.864906923103842651e-01
6.603681575599250619e-01
2.711352755819790294e-01
-7.898136982808416917e-01
-4.328681101935427655e-01
-4.792758902082708827e-01
9.519041563989893984e-01
-8.957489716544912994e-01
5.817482572798536866e-01
-4.688175995379029182e-01
3.968372429395570777e-01
3.396781404965889539e-01
2.715701477825462340e-01
8.754589878647613954e-01
1.842854028375955425e-02
-4.017335323472898123e-02
-2.077655199438680211e-01
2.184226449809747728e-01
-5.124731441206147320e-01
8.160007421882293777e-01
1.973814316607667707e-01
1.485857972171300556e+00
5.921256034327165851e-01
-9.055289488583457835e-01
-3.059462305877491128e-01
-7.879771256099191712e-01
-6.937383909631413825e-01
-4.534624568205723461e-01
-3.823368721120637415e-01
8.189648454376960429e-02
-2.965671914322460245e-01
-4.219522229366381438e-01
1.656738682761435821e-01
4.910709568016505266e-01
1.715919542873225456e-01
2.153410225697142966e-01
7.225493565902639803e-01
1.463665452903672726e-01
-5.639596057083126057e-01
3.043199401514248281e-01
9.838088756571403692e-01
4.257593350017960243e-02
5.511422256566106403e-01
5.863560017408144809e-01
1.930017110436954564e-01
1.201814507746652438e+00
3.629403887359473058e-01
-8.232644163706712703e-01
-1.145478854256755212e-02
-2.049962359445535107e-02
1.708471714567352528e-01
8.172612475716574121e-01
5.417474266451975662e-02
-3.939177223481481471e-01
-4.531761818168350553e-01
-2.046247811630519386e-02
-9.273719448270231203e-01
5.463221405242743023e-01
-6.432181525207232298e-01
6.745998916890544317e-02
-4.255022757003896205e-01
5.552156933328770971e-02
3.009721034971621356e-01
7.630746782427177966e-01
2.147715626545961334e-02
3.387959560461883957e-01
-1.689391539484297600e-01
2.857052358486728005e-01
4.149226445908476557e-01
2.602427833549298963e-01
-1.654817362418955495e-01
-2.578810154836333468e-01
1.563173988349585986e-01
6.410460363938182971e-01
-2.195057335744622917e-01
2.532020645161945915e-01
-4.079815294035911699e-01
1.542077696461347132e-02
1.732542584578901455e-03
2.622741230545093671e-01
5.627144526074053799e-01
-3.116838455307611166e-01
3.966360338723492474e-01
-1.063693521177887735e+00
6.432330737799689668e-01
-8.740347926551644830e-01
1.282292748241355973e-01
2.727315393915394903e-01
-4.151078445055744193e-01
5.019828672722892460e-01
-2.346774488843172413e-01
-3.095484686479100245e-01
3.997666456746287178e-01
-5.092955266625207589e-01
-7.294986541602065111e-02
-4.157661395058281362e-01
-2.866302232824196050e-01
-4.716403491916053570e-01
8.375704783973241252e-01
-5.422713774042593471e-01
-2.515752765155047643e-01
2.674266612578823921e-01
6.359628760335022113e-01
-1.084519192655055697e+00
-4.192622099075884318e-02
-9.153565267517872472e-01
-4.057985752174523286e-01
-3.723148575822480821e-01
5.326406488459728417e-01
7.313929392062528123e-01
-5.285515045811712831e-01
7.930009687300697552e-01
7.548290464029302482e-01
-3.929181782933764966e-01
-5.178013875710508751e-01
3.947524608980373384e-01
5.672113414738999548e-01
6.684190266863303531e-01
-2.610460746650946628e-01
8.057157043025957588e-01
1.546261941143550200e-01
3.025576120470503394e-01
-4.586539451844981463e-01
-3.195634115544577769e-01
3.675950794921313824e-01
4.496503492827684800e-01
7.961756263118108246e-02
4.276071483673039575e-01
7.779669357970815380e-01
1.092666507196360520e-01
5.532826741307561580e-02
-8.962253659188136601e-02
-5.058937482133990526e-01
4.274592469979476284e-01
6.909842312661761410e-01
3.065966368456189417e-01
-1.010860898379494915e-01
-3.329292356190895474e-01
-5.593076256500041366e-01
-2.322206444865444752e-01
9.852716106438601500e-04
-1.438223019788908430e-01
5.787021942270834662e-01
-8.234434015167069187e-02
-1.704590304294090752e-01
-2.839374899834090638e-01
1.114617206284414415e-02
5.921212755074908851e-02
8.307493360665320070e-01
-1.046542608869566043e-01
2.576940746324378750e-01
6.764693258252757468e-01
8.405217632820637386e-01
-2.580756571108789310e-01
-4.386696315110755751e-01
3.838993567808846041e-01
-7.456286792678941122e-01
2.224898971397241965e-01
4.036153227559834411e-01
6.821403491325670476e-01
2.435284080738317133e-02
4.938928237520101017e-01
-1.236852844696660486e-01
1.459108107940488841e-01
-7.707689797735081116e-01
5.399996650891781824e-01
-3.965605124603640563e-01
3.020508454751152372e-01
-4.482243055293989864e-02
-2.288453183994342277e-01
-3.336056952358901762e-01
-2.805752656008890789e-01
-5.008913223236524104e-01
4.480152821564009624e-01
-3.170985076602787500e-01
-4.826021905891964558e-01
-3.046021198213500480e-01
7.649398847541735713e-02
-1.153538216834893750e-02
1.177174975761542619e+00
4.131509598109827097e-01
-1.347558881369919748e+00
7.280419007096172734e-01
2.303805843851987334e-01
-2.172689998923950372e-01
6.054995334696536835e-01
-3.168608656016569380e-01
7.178843330930980704e-01
-1.740881505913386210e-02
6.639688706086291914e-01
-2.069566306576638981e-01
6.600112575657937075e-01
3.938807622919592855e-01
6.555477755527839845e-01
-1.830361956527898626e-01
4.905952995230507541e-01
-5.878155379519345303e-01
-4.951214293327121929e-03
5.072653336051979878e-01
4.241075638902585543e-01
2.369553457682350150e-01
1.079574508091085905e+00
5.367269132797289899e-01
-7.515171816916854652e-02
1.005975387305086288e+00
2.365849965040801584e-01
-4.190473121183020955e-01
-1.276260743207220383e-01
-8.947571823320975559e-01
1.721939396914146936e-01
-5.068031006335448341e-01
-2.958638132512982910e-01
-9.037664445177239214e-01
-9.094312523000630533e-02
2.179698518950351147e-02
3.455458539014489294e-01
-8.917131390289642079e-01
-5.329809583388142036e-01
4.260333978134253630e-01
-2.175567777918365198e-01
4.076807277363603960e-02
-8.468605940630403728e-01
-5.689220262503706937e-01
4.512136116627718518e-01
1.934826675945875152e-01
-2.446792835597233207e-01
3.841580036026507883e-01
3.220265729053808368e-01
3.436284656451216168e-01
-5.166745804667238762e-01
-4.760550869888811702e-03
-4.606707042822017484e-01
1.147996495222002207e-02
2.960528943307387251e-01
-7.070203530776662804e-02
6.177686972206201943e-02
3.867947910687759561e-01
7.602884030102606550e-02
-2.186835488932841257e-02
-5.415829628154569253e-01
-1.089057846279277708e+00
-7.779804785479240703e-01
-3.007292707174636370e-01
-6.769668951437967097e-01
2.584789784984892203e-01
-6.349775347134647974e-02
-4.566261482621930545e-01
-3.748041490472811543e-02
1.886438604304259969e-01
-3.195422272738764891e-01
-4.943875031843312368e-02
-5.583442864275976053e-02
-7.463924008478881045e-02
-4.406053009169874635e-01
4.297025247505265044e-02
-5.708440840776854985e-01
-6.058069133884683155e-02
-2.382853423364683365e-01
1.654255751650941964e+00
1.237291050084349670e-01
3.312122914331118162e-01
3.711019630720600176e-02
3.549214993660240736e-01
5.203388366929927455e-01
2.704351136443405856e-01
-5.305990234664585969e-01
-2.259394505938976394e-01
-4.247181651576568684e-01
-1.789034836717258437e-01
4.523199728014913323e-01
5.004767148775735031e-03
6.336471788774942215e-01
-2.253157552901068061e-01
4.632442156530102162e-01
-2.447172315067658865e-01
1.312086666941884305e-01
-7.624308966956233613e-01
2.476945429877734361e-01
2.011423227406667347e-01
-2.771506675000169895e-01
-4.699495838749089272e-01
6.323763994382506359e-01
7.504679650707921090e-02
-3.025142177855287204e-02
-6.889381240388859906e-01
8.290538201769180882e-01
-3.899269731131075889e-01
6.137253523835218827e-01
