5.448752654835307130e-01
-4.730410751751480403e-01
8.393398545052931370e-01
-9.150114168520279145e-02
6.147197231531117412e-01
-3.814385379230260109e-01
-3.190463290017221398e-01
-1.386172042314534059e+00
-2.379687488612375057e-01
1.853128197302116864e-01
-1.668285617569071136e-02
3.627075047760516813e-01
-4.356219091726334369e-01
2.418500938688111224e-01
2.369629653100224775e-01
-1.156267975986781243e-01
6.512538544679356833e-02
-1.890539764057074523e-01
-3.275397438234740055e-01
8.014711892104608992e-01
-5.118971750550938005e-01
6.201779981961300786e-02
6.329785511648836072e-02
-2.869613442723998112e-02
-4.328741757960379855e-01
3.221688971695692988e-02
-6.858521484520005984e-01
-3.425306691615191967e-01
-5.918757077740254280e-01
-4.292200882475514234e-01
1.662568425062942168e-01
-1.386245162277626175e-01
3.486330455681655449e-01
-2.349822876117997339e-01
2.754154779436909228e-01
3.902847567525623562e-01
-1.118501898649625570e+00
8.844754307933023751e-01
2.212260816017695420e-01
-1.426546060258809812e-01
-4.508361699638825937e-01
6.906166481637411314e-01
7.243253677971923932e-02
3.536394685241666114e-01
3.584176349839767739e-01
-9.677545506746401127e-01
1.808277249683211685e-01
-1.549001920899757134e-01
-1.596387797087499283e-02
1.718518934103160367e-01
5.567534570927091392e-02
7.075562760006240959e-01
4.344156021113316779e-01
4.262238850878598273e-02
-1.886089031864012777e-01
3.015786261821657988e-01
-5.819567283247959258e-03
-2.594638216092421401e-01
-3.150169654062967561e-02
-1.339089097227626479e-01
-4.176183178584320088e-01
-3.541985503260712820e-01
4.722734198268182526e-01
-2.760538411048433366e-02
9.075968199491623034e-01
6.562635583388185534e-01
6.910384967755360819e-01
-1.729642623157554293e-01
-2.220411995020702897e-02
-2.122225740578359277e-01
-9.423486196495626244e-01
1.411348002145992597e-01
-3.183898312367725025e-01
1.531537436793498907e-01
-2.015970641819032627e-01
-3.609265153528060655e-01
3.482968245459397427e-01
-6.350210121946822106e-01
3.799546013427709257e-01
2.017975984701346048e-03
-1.000775619951452367e+00
2.742830359929743222e-01
-6.495176257546428911e-01
1.760172124619431844e-01
-4.705389631464060862e-01
4.117413269354308625e-01
-9.692987224295116500e-01
5.538041887124569573e-01
-2.114510186977079931e-01
4.176685389612337373e-01
3.029342378764321997e-01
-4.373012470859294343e-01
-3.194767014243794501e-01
-6.571554109317409020e-01
-7.773177971353959492e-01
-3.479583313244919429e-01
-1.359960452577653855e+00
3.126289842065706481e-01
5.045890333642186754e-01
-8.157483982826792268e-02
-7.766443037560472051e-01
1.089667638953725239e-02
3.124379343204395365e-01
6.699043200189532810e-01
2.916390245141140536e-01
-9.052832323400322734e-02
-3.424168622662466799e-01
-7.634621411279662873e-01
1.152818431547386752e-01
7.688597188845912311e-02
-1.465391464731308768e-01
-1.713988848576264712e-01
1.059007895936860955e-01
5.056558178021617334e-01
-9.846773766804946260e-02
2.630502916883125653e-01
2.102911035885957902e-01
-1.931379786433224943e-01
-7.632932156687751712e-01
4.332861668980266812e-01
-7.213413535411798971e-01
6.723443658592737071e-01
3.027103929808089844e-01
7.601148366617103136e-01
-1.605488007668542660e-01
8.900690974064068284e-02
-1.838367769370437277e-02
3.022782973255773165e-01
2.224226265107936192e-03
-7.054501855869761695e-02
-1.368931076844746297e-01
-9.199186435667916495e-02
-2.758587275405712802e-01
8.778079775574275656e-01
5.338697026592254674e-02
1.071287314622700659e+00
3.186543999100856506e-01
1.319247432275589549e-01
-3.218625106319015217e-01
-5.249193000216307858e-01
6.006686164563983521e-01
4.732559046485717569e-01
-1.221949316772643762e-01
-5.248878278470271441e-01
1.164267320835850938e+00
8.600164399439598206e-01
9.819063670179957459e-02
-1.613914682533353906e-01
-5.080888788532709199e-01
-6.997469638548465820e-01
-5.139404510455530817e-02
1.177751066606578689e+00
-5.904700687265465597e-02
4.349200052033163066e-01
-9.382391948873350374e-02
-2.727419461302255654e-01
-3.160509818707548102e-01
-1.763399193509418983e-01
9.053940017334671797e-01
4.847268152975524602e-01
-8.149898977420746427e-01
8.315212505354446781e-01
-8.025262302512329304e-01
-3.148328425855147494e-01
-8.547639258429469145e-01
8.460310596676948736e-01
4.698206990743288708e-02
3.599276181749726522e-01
-2.632345007095810430e-01
1.009771795719410337e+00
3.697760001932709484e-01
7.060413495524590077e-01
2.516224782271512042e-02
3.187276673624608869e-01
3.987672988920339806e-02
8.643442838858598209e-01
-3.354185431189880134e-02
7.544595601750456737e-01
-9.474254365942007539e-01
4.075182421604043453e-02
6.658690653306121865e-01
3.748519418768411771e-01
-3.541093018929400427e-01
-7.058503671307939653e-01
-3.245326634659465581e-01
-6.194541660642201020e-01
-4.751193451347901497e-01
4.299026174540697687e-01
4.246070100771544564e-01
-4.767302141144208472e-01
-8.737803499853986633e-01
-1.255842075488747267e-01
1.919612349886446606e-02
-2.398981171589356365e-01
2.191284643498480345e-01
-1.559148777759479798e-01
2.978921790305190664e-01
6.282569173741946456e-01
-2.634630588714328980e-01
-4.637448974310899308e-01
-4.844977138661370475e-01
-3.701137279715397410e-01
-9.093948234928751762e-02
2.094178830981827943e-01
5.367041682570615757e-01
-1.107824045717861472e-01
8.597775523627022576e-01
-2.941492351249491710e-01
-1.496576600623552855e-01
4.605559042766140670e-02
7.536069656585248078e-02
1.094174649583617986e+00
9.542466667639483077e-03
-3.558870618806131980e-01
9.599218198483305819e-03
-4.512710033506565077e-01
4.571578162112934773e-01
-7.781836525142558914e-02
-1.190996026693324633e-01
1.580097830022579308e-01
-2.848512698982731406e-01
1.858429113897167306e-01
-6.933413412802204023e-01
5.310009020919363998e-01
-8.492014413030045394e-02
-3.946709909036812403e-01
1.075922524483469589e+00
7.612089953047267432e-01
4.199517272539315949e-01
-2.157783081426112859e-01
-4.099666167654532067e-01
2.042290593407630750e-01
-1.477032787405434255e-01
2.524807217861627096e-01
-4.131999567436794168e-02
-5.906443561819093580e-01
-4.079661916208788403e-02
-9.648659615690176328e-02
1.256903236244663047e-01
-1.395204400210123541e-01
2.033536952973051537e-01
-2.880148746009293936e-01
1.362018680814021110e-01
-1.647846149686902906e-01
-5.969330532620937824e-01
-2.879122104331362508e-01
3.405851032904451681e-01
-2.498330456551536294e-01
-7.027739028160159274e-01
-2.734332903958400229e-01
-1.876609480416590037e-01
-1.860316441459453352e-01
-2.286163333467213232e-01
-1.416922076135603836e-01
-3.067225334117374969e-01
4.396578616238992487e-01
-1.047072403007884567e-01
5.206946417828438589e-01
-2.964993857636558650e-01
4.050328032038277848e-02
-3.959224148014352518e-01
-3.481237351580218631e-01
2.982767856826887276e-01
1.599172881632270338e+00
7.758081335550272017e-01
-3.815591232082802403e-02
1.816895169126196141e-01
-4.166621465175637806e-01
-2.137970328879212900e-01
9.308452716790247550e-01
4.111863764733026949e-01
-2.710943903337712513e-01
-6.977483114660166796e-01
-2.665965663293108912e-01
5.319441606223929142e-01
8.931203596039907211e-01
-1.851555201328448641e-01
1.116551312438755383e+00
-1.212277899422262717e-01
6.032363680090837565e-01
8.134915863404666991e-01
5.198077367067643895e-01
-4.218681895354826628e-01
-9.312826724760887576e-01
-5.356442191527971408e-01
1.108869294852184106e+00
1.623491523142160942e-01
2.661453532030216146e-02
-2.805671969115974274e-01
7.538117409304100347e-01
8.525232444483598071e-01
-1.295918399774788510e+00
-2.457918895700205719e-01
-1.709253445309300845e-01
-5.061341310818029404e-01
-9.763271082512302579e-01
-9.596287136736187939e-01
-5.737355367226748548e-02
-3.885509247523493692e-01
-7.275008414013635072e-01
4.373560436009620300e-01
1.740176810976916955e-01
1.135242882934756892e-01
1.059778215249811417e+00
-1.173594921277363173e-01
3.550027545457742906e-01
7.424150471000141582e-01
6.068133042944979377e-02
-1.124152298425622754e-01
8.567805895543904871e-02
-9.780958759549298609e-01
2.129553116131516488e-01
2.358807144715591442e-01
-1.709214997206497944e-01
1.061893799896651280e-01
-8.403166294206909637e-02
4.633019145305442010e-01
-3.795601900350699109e-01
9.495015239248546512e-01
3.834963793930354359e-02
5.257448366112320581e-01
-1.005200268222229854e+00
-5.344769898215510073e-01
-7.806862184560299234e-01
-7.308421915034072347e-01
-1.388571433933549204e-01
-5.540250246554669911e-01
-8.158846795095028859e-03
