4.269377062226652891e-02
8.289297784912756928e-01
4.836269150842896769e-01
-4.382960695611740620e-01
-2.867359081988558600e-01
6.328783677933690066e-02
2.325067323325267707e-02
2.304990538145051948e-01
1.827221198352250442e-01
2.401545902985807168e-01
-1.200239842332923995e-01
-2.443507609466842034e-01
1.519949141820663707e-01
-5.252349390109573024e-02
-1.750341032559730448e-01
-6.622218515208535550e-01
7.361703278815034945e-01
-1.046289924815808070e-01
-1.871842168878330215e+00
5.182443238665535024e-01
5.917708348430056331e-04
-5.532640283542523685e-01
-2.880638549977081464e-01
-1.237451706143245067e+00
1.598733808762012876e-01
5.148441486006936074e-01
2.181457905007762321e-01
1.115192766970491967e+00
2.956303764882143303e-01
4.979781037350168305e-01
3.479251893885428326e-01
-9.139273056767786008e-01
-3.909208942690193256e-01
2.703073465392447639e-01
-1.736923257700830336e-01
1.066872024283210402e-01
-1.129073000173394514e-02
-4.934110204054284465e-01
-1.747897515199642038e-01
3.409667032552832211e-01
9.031761850322951313e-01
-2.922970509600801847e-01
1.362888139940393595e-01
-2.303314210915387017e-01
-3.136037293000480397e-01
-1.568591685294017102e-01
1.273661975737883367e-01
-5.825490451788536417e-01
-1.186944650377799615e+00
1.458686591155325118e-01
2.659643501315373526e-01
2.819767109453411580e-01
1.039384003300535125e-01
-9.271834649584203003e-01
7.984988012732542606e-02
-1.495572289647229547e-01
5.094614005166372417e-01
7.203730116605566725e-01
7.339518995266558488e-02
-4.699518991314627914e-01
-6.303157245930053332e-01
-1.704765410991798680e-01
-5.520272228190579167e-01
6.699679316179136812e-01
4.739851313933860499e-01
-8.423840424602201393e-01
1.465064672300768478e-01
-8.375959685422347256e-01
-2.934052768019014892e-02
-1.855350191749403632e-01
-4.340662560790854996e-01
-2.484504447435580687e-01
-1.783372819148649202e-01
-4.618200542695310995e-01
-2.204105536661774001e-01
-5.155215282483908146e-01
1.373466770673146542e-01
-7.955284653879771128e-02
-1.460768661110248834e+00
7.945202314591325310e-01
-4.618083100605656632e-01
-3.129965427600727712e-01
8.816739723385654814e-01
2.534057306102252896e-02
9.853292854121255273e-02
-4.425870996028803406e-01
-4.223490483801459888e-02
3.104658563088205647e-01
-3.875283531686993244e-01
-3.832349804228892265e-01
-7.378771536732869896e-02
1.010847885147715258e-01
-3.406488488235518974e-01
7.116894244062661468e-01
-8.575252061134772674e-01
3.973240243807132366e-01
-1.341486330828265405e-01
-7.385931558386353846e-01
6.785779478556493161e-02
5.263814376862732125e-01
4.237538964326150182e-01
-3.456079324046902324e-01
-1.432946361626599441e-01
-2.895808966135388421e-02
-1.558345526353059673e+00
1.104571219908308422e+00
-5.109527376940371513e-01
1.450471697974088647e-01
3.592968419229850552e-01
-3.366147131454040320e-01
2.863842261731844654e-02
3.176208582732006347e-01
-7.561544695824489182e-01
-4.629913753758719275e-01
-6.088801730901842735e-01
4.091984673462447097e-01
-4.841828891320571621e-02
-4.357878411821013431e-01
-2.481866922264853448e-01
-4.030091909615514112e-01
-6.555384434061972687e-02
4.332508035106819033e-01
4.783342322126100110e-01
3.750190768647235218e-01
-3.530675789195772407e-01
5.233128253699137478e-01
3.128105947182872049e-01
-6.019495755562548345e-01
-2.895132333374155452e-03
9.506349476879735194e-01
1.073200155521629728e+00
-5.480164223028015369e-02
7.689883204601479783e-01
3.364544330516565096e-01
5.073698718693335774e-01
2.990821872666201697e-01
-2.000853508311804529e-01
4.164169061061828159e-01
1.818760450575551135e-01
-6.503000230891132771e-01
7.733978948721029756e-01
1.587143274142160110e-01
5.434649257700854830e-02
1.534090959725884273e+00
6.448724549063744593e-02
-6.707274809534359283e-01
6.339946699914773554e-01
2.251574647290597864e-01
-7.392428649931083451e-02
4.026518647384609295e-01
-2.267549828180464300e-01
5.142878699014120647e-01
3.009574195398574958e-01
-6.070638436611348193e-02
-5.079958516489246900e-01
8.344890211758503040e-02
4.184950525591556447e-01
-8.350219887640946137e-01
-2.498932022160225697e-01
-1.107560461542154429e-01
-1.512414041018492195e-01
3.043627402740174959e-01
6.452428519474492363e-01
4.122600109592768902e-01
-2.030487041175848828e-01
-3.206779758448603523e-01
7.649873618595655067e-01
3.237859030406921995e-02
-3.936483304045069742e-01
-1.862210647588531109e-01
-5.397740699802391351e-01
-1.807227357240489551e-01
-9.086687112586944171e-02
-2.783236454228971146e-01
-1.836172819331535755e-01
4.052497869745860237e-01
-5.677996089121817302e-02
7.356156643016270591e-01
-9.247675101727821367e-01
3.538424052696727551e-01
7.889697937318614906e-01
-2.095832398474727631e-01
1.001604804151079303e-01
2.982564773938694430e-02
-2.981616811968072489e-01
4.390001374718013327e-01
3.966005105120647134e-02
6.086048693033999646e-01
-1.241708790244203525e-01
1.890533153119102749e-01
-5.304449384920919552e-01
1.451748495376200265e-01
1.535842059808029125e-01
-4.789173990892638955e-01
1.724815285379799334e-01
2.357819552292282350e-01
-4.068447622055162416e-01
1.148478782196965975e+00
1.217213133734274949e-01
-3.645569583777172884e-01
-3.398294496530457343e-02
2.352782521754686329e-01
6.534839176108643288e-01
-9.374837004446775479e-01
9.308742595487143889e-01
3.433547860768644822e-01
3.178314294187018635e-02
-2.356814540610812081e-01
4.015111545895946321e-01
-1.649167153276553943e-02
-1.107819253067409804e+00
-5.764864283586137450e-01
8.825682536825865676e-02
-2.070655771445242266e-01
-4.825585089184210030e-01
1.396127771066465462e-01
-4.149384922286232236e-01
1.256902750964894178e-01
6.039037593311804564e-01
4.501337710767885358e-01
5.191386934350491478e-01
-8.115601685408058152e-01
-1.117092850165596618e-01
-3.093056520440487511e-01
7.380707369605601920e-02
-6.133651713465931854e-01
-1.229581645408349910e+00
5.437350910643660162e-01
-5.798399394689331965e-01
-8.999337970636089867e-02
-9.442496224940924998e-01
1.386495163907983885e+00
-1.636406005559723487e-01
-5.713264366851226184e-01
-1.070572454959055841e+00
5.234395833938172427e-01
5.713289234977687592e-01
7.699821774470885227e-01
-6.772622829496062202e-01
3.800380062733944575e-01
8.481875198785052694e-01
-3.347622344771387093e-01
6.381879645051239391e-01
5.454207354981494005e-02
-2.702755876624139408e-01
6.765698798547747916e-01
-7.647520680950172789e-01
3.418378718215707712e-01
2.848575380116386002e-01
4.739710485176690802e-01
3.660338966949897577e-01
-2.686312897061972002e-02
-2.635048054609541723e-01
3.589546070421297252e-01
-4.315407140735072478e-01
-8.308510162308698765e-01
-2.463545009004176611e-01
1.249657441721611528e+00
-3.205956991403531853e-01
3.598085497086396245e-01
-6.774661530656257424e-01
2.179510900823726505e-01
1.095975758573959569e+00
-5.142405213325793589e-01
-5.166157326905724823e-01
1.470478467261004729e+00
-3.712344440951573232e-02
5.008621537688909831e-01
-2.390227408967834088e-01
-5.255076045317356170e-01
-2.753310058823572049e-01
-1.068900053695370084e-01
-6.195487111012247805e-01
-3.744296206640921887e-01
1.809415341690743528e-01
7.976246912228027730e-01
4.960188112395764182e-01
-1.854031582431479586e-01
-4.768246562519236620e-01
-3.817479569126753236e-01
1.279102324329048912e-01
-1.529951046765936629e-01
-1.857159901384701495e-01
-1.655259521290652347e-01
-3.491257165645781368e-01
-1.069105126848508780e+00
-4.570722334346380422e-01
5.501529224405031782e-01
8.467072715258981974e-01
1.071516503863122194e-01
-3.433383600190244023e-01
-5.803602436227685984e-02
-3.019477989994515110e-01
4.838531758150813600e-01
2.782765208956451963e-01
-4.432773327103420868e-01
-1.320322328709121751e-01
-1.352360572637334668e+00
4.295356318239494375e-01
8.748427642389201841e-02
-5.758742387483853920e-01
4.822068764261556485e-03
-2.351067362696227514e-01
-5.408992169083490231e-02
-1.013432910983251833e+00
-4.790235383353926291e-01
-3.597843804590675210e-01
4.343930022254690049e-01
7.461105096293949579e-01
-4.761453731769661468e-01
-6.563976772230394052e-02
8.013314799289823487e-01
-2.104760489967605341e-01
6.867451659915131401e-01
7.149026577947382721e-01
-1.222506436241785621e-01
3.239269617279924574e-01
-1.400544136171085974e+00
-7.126860164909721851e-01
-2.383045620181740987e-01
-2.282858022343477872e-02
5.405200720351235333e-01
-1.790939855978963824e-01
-3.921700984134557366e-01
1.939667921597469646e-02
-6.419009460857648675e-01
-3.509386995838436052e-01
3.217977582662817082e-01
