-2.295820343391439394e-02
9.879534962450496616e-02
3.163442297285487537e-02
-5.972205006394364357e-01
-7.980507797679574633e-01
-8.740193862167182637e-01
-3.436609442677910908e-01
-2.103172999865847714e-01
-7.159578311113511395e-01
3.212113386035614360e-01
-4.556377327099946917e-01
4.780999117970779339e-02
-4.062575405255712813e-01
-3.110939599645502762e-02
3.900697624362087779e-01
-3.254421312427713819e-01
7.957441777034626185e-01
3.436279802426599472e-01
-9.025444935766182078e-03
-3.789786441265210470e-01
6.590773290995571854e-02
1.828742911459153853e-01
-1.240347435711295632e-01
6.193999051652001597e-01
5.589121877973841634e-01
-6.752662993362369692e-02
-7.563951558364978567e-01
-3.293358671709505359e-01
2.860843795930391731e-01
-2.201171748654197347e-01
3.919603621146233730e-01
6.223303929889633102e-01
-2.217553056013208401e-01
-1.108613813467317633e-01
-3.611502646348756507e-01
8.859032897332999590e-02
1.015930716045509552e+00
-1.040572886982436412e-01
5.647545475463009446e-01
1.049022699316426444e+00
5.644620578077798045e-01
-7.509409619634117572e-01
9.919458821870319465e-01
4.760946648126653802e-01
-3.014958213117790442e-01
-1.022216267291574388e-01
-7.643324625373266734e-01
3.332975735852750643e-01
-1.776767668655240551e-01
-4.627323132647445658e-01
5.826111406829790340e-01
-6.802228833217989212e-01
2.233633742034031033e-01
2.950420752757755838e-01
-2.495690129739015217e-01
2.087916035275350080e-01
1.440625236014092259e-01
2.574157041682027525e-01
2.563420789588424231e-01
-1.205524685476697666e+00
5.682906558186217039e-01
-5.239157115020232069e-01
-2.212485022824139946e-02
-3.420526889971352014e-01
-3.804834007361783121e-01
-1.254445405557057247e-02
-9.879145784585078097e-03
3.899942844807224862e-01
-8.190265854616177732e-01
1.360283645198021897e-02
8.387903147516073687e-01
2.990907027474654090e-01
-3.426144479056575376e-01
2.315800216102025244e-01
-4.149697956549424499e-02
1.831930333270639089e-01
-5.387813847284369517e-01
-5.145482538232551972e-01
-3.630673118276392941e-01
-8.195354267470168486e-01
8.609360368820307974e-01
-2.972236313959437104e-01
-4.820769662214381412e-01
-8.484087841988922074e-01
3.798977138696302824e-01
3.195464766894487441e-01
8.330775306402989078e-02
4.031257170800509743e-02
-8.140021320487147438e-01
-2.397257328486153971e-01
-2.680366923667219514e-01
-5.482375950058464564e-01
-4.207420581946961363e-02
-2.324061244657239789e-01
-2.096877720526509059e-01
-5.643192610899667311e-02
-4.465158044516577829e-01
7.875822098103852920e-01
-8.453354862306453610e-01
1.219513268522122384e+00
6.274910519015550747e-01
-1.927669261517286625e-01
-5.553246618885117059e-01
-1.533001863925844734e-02
7.089224643254602443e-01
1.158377324476284748e-01
2.668278262532997602e-01
-1.226265187921773414e-01
3.001652610862388104e-01
3.422076174675404148e-01
-3.089419482692792873e-01
-5.092373468785799107e-01
5.684852302086729203e-01
-6.787809150931406466e-01
-5.678191674402259526e-02
-7.965026665893382152e-02
-6.040075702810252523e-01
-2.426754847103771984e-01
3.208104669999524861e-03
5.098889728451850845e-01
-8.124964261296334644e-01
-7.131052266322664146e-02
-5.913958976892995656e-01
3.301581261003318502e-01
8.463316691069046327e-02
4.351257842992645175e-01
3.557882889956849315e-01
7.835366058587215354e-01
6.695745613178731848e-01
-3.095918640597738469e-01
2.673829672219827924e-01
5.916053456282543976e-01
-1.893969856695679743e-01
3.787508397014938688e-01
-6.525876449912755561e-02
-5.632405560753030865e-02
2.440513265723598113e-01
1.734577476631489479e-02
-1.418150829663271939e-01
-1.436115277955681835e-01
4.781593431231649649e-02
2.636983493765908126e-01
-4.181529165093130773e-01
-1.222175219246326161e-01
-7.196288090730205977e-02
-1.218998586552219737e-01
5.175858107243160866e-01
-6.137507890311725417e-02
-6.473993128517893658e-02
6.512613504598758762e-01
3.256683796658355612e-01
-1.841371861268555898e-01
1.453464997002379133e-01
-3.950275573503089777e-01
2.136135242803061940e-01
2.245880235170736872e-01
7.205523910086703010e-01
-1.693179082288187309e-01
-9.699167677376094310e-02
3.892034438620255998e-01
8.806748808948679230e-02
5.596093381004287881e-01
-3.198372737972655228e-02
1.621529060701719371e-01
-1.787006040519173444e-01
-1.640712486999535702e-01
-2.594332870800149515e-01
-1.556966036409080933e-01
7.783725242323418225e-01
-6.012037448191909217e-02
-6.842125458286300033e-01
-5.041059685691140491e-01
3.094451798951132759e-01
-2.082418441878973181e-01
-4.068306646982593894e-02
-1.465690941965084038e-01
-3.764679380591241520e-01
-2.613107788747269233e-01
-1.262094567557124625e-01
6.640190465058706804e-02
2.915876860097317280e-01
6.776017849231272261e-02
1.519836741955245263e-01
5.226396123103921321e-01
1.013832929423468032e+00
-8.592722593195746272e-01
-2.294378095498728065e-01
2.187795106508918508e-01
8.007082654715945713e-01
8.456869043805373964e-01
6.411462789793698214e-01
-3.831839759669911638e-01
-5.271811056708917143e-01
-5.331115273136544791e-02
-4.812368578167800642e-02
5.974598575128234890e-01
-1.068866214782005913e-01
-5.010186125265832929e-02
9.278178929677025066e-02
4.477702969358000051e-01
3.931132768071672889e-01
3.541561763961684206e-01
-1.034690765246617739e+00
4.097224473924859778e-01
3.383268658126953321e-01
2.462683901247548698e-02
8.563168135414561677e-01
5.425339116462897238e-01
1.196519063003459893e+00
-3.277372307940586149e-02
3.381492337120409752e-01
4.352942188712579513e-02
8.132492941316143975e-01
-1.172211054560836213e-01
7.547680549906971015e-01
4.369422292669216112e-01
-5.895332491586224855e-01
2.495045184543256134e-01
1.413426741298830502e-01
-1.328775436529902598e-01
-1.697578174131209316e-01
-3.344184666316520338e-01
1.010117512427563868e+00
-1.246857271071410977e-01
-2.185580916585858902e-01
-1.486314615490196833e-01
1.347657102080961344e-01
-4.865440768291968976e-02
-6.251853887499989604e-01
-1.472393353613577274e-02
-6.501564325186327820e-02
2.057280719264794888e-01
1.700753492707744174e-01
-1.003486100294811306e-01
4.350888599712026683e-01
7.506643135657422583e-01
-2.142759687964631843e-01
7.495580289628327453e-01
2.457687254115309590e-03
-3.298280152865987191e-02
-2.100445959327287004e-01
1.695492405855096307e-01
9.427534941964709203e-01
5.298373836219937710e-02
1.423701095949007900e-01
5.179867478192665686e-01
-5.463834648611408662e-01
-9.347416952654139521e-01
4.827507880825196440e-01
-9.465318195101828092e-02
6.873919407349049493e-01
8.525374646497370368e-02
4.822536904548297421e-01
-4.868087986912943421e-01
1.335011928549370674e+00
-1.109469631017761214e-02
-7.945961734309422986e-02
2.004925341093992675e-01
5.845437931847760060e-01
-2.904639019262945099e-01
-5.620334817251156773e-02
-6.201545045246950050e-01
-1.433972382029905235e-01
1.538006330607819272e-01
-2.535440082559399788e-01
-8.247258324860550216e-01
4.790714337406842271e-01
-1.524230872475002274e-01
5.852470530682181149e-01
5.821696797089113140e-01
5.198478761659526270e-01
4.519634936591059304e-01
6.141442184368665069e-01
3.171594197276510207e-02
-7.139428801917195588e-02
-1.826560578322577177e-01
-8.636359708870363638e-01
-1.548105914994681864e-01
5.364396072850727837e-01
4.209359010311759519e-01
-1.986869247616006584e-01
-1.349169895049160406e-01
-6.149797161145972302e-01
-1.231800627088822375e-01
-5.150046025631461744e-01
5.117379953575932339e-01
3.101164249585807164e-01
-5.753744890640836995e-03
5.147585504346336993e-01
-1.636232293503351864e-01
-3.188533896363993092e-01
-1.667942008568482626e-01
-7.942132968335875454e-01
-7.225540673467469865e-01
-4.280898217641860293e-01
-9.444714703245581378e-01
-1.890593909424902741e-01
-1.822322343397554389e-01
1.019406257905444368e+00
2.698609950744378927e-01
4.869546826317236454e-02
1.764300971768184290e-01
1.680191001929523531e-01
-9.704936452230752963e-02
-7.059775405305631635e-01
3.932512314458237734e-02
9.547783011877559733e-01
-2.350395759620556579e-01
-5.463210980961981100e-01
1.897184099384902067e+00
-5.192265957873115623e-01
-8.774146961251222399e-01
4.636962693326389384e-02
7.247964705358005411e-01
1.154208327038715343e+00
-1.003913253221762891e-01
-1.417756038256862694e-01
8.363453019697110469e-02
4.140526381850886395e-01
4.660830655093604613e-01
-3.649838601798520710e-01
2.338365997385014883e-01
7.881965765925562362e-02
2.427671057891659101e-01
-1.624341441751855353e-01
6.283560680898311879e-02
-7.048746050837710886e-01
2.490181414472649735e-01
