6.748256920153171690e-01
-9.477307931038749800e-01
6.467762530146445310e-02
-1.063166949862263344e+00
1.069745995817670409e-01
7.937476064004868326e-02
-8.159651020038770353e-02
9.018093607057509065e-02
9.007912419876169807e-02
5.919836949182251395e-02
-1.968209606639209353e-01
2.435889588539486839e-01
9.654146515127087769e-02
1.002496019206337463e+00
3.265888761064943829e-02
8.267001688090175326e-02
3.124754590454128025e-02
4.451303503783673454e-01
-1.259683645520486284e-01
5.041180878861449832e-01
-4.374876934630926861e-01
-1.700022639841174965e-01
-6.663613997700192915e-01
-1.177219129868644076e+00
2.095496951128695065e-02
3.300478126238488019e-01
-9.104597606824915701e-01
8.563844934169088097e-01
3.774397555495569434e-01
-2.275212657773001690e-01
-8.462701759654568390e-01
-6.328210763979503772e-01
-8.087632431003809463e-01
3.684878306047850161e-01
5.908479992129443970e-01
-2.077130801458829112e-01
4.761232774919419430e-01
2.887744919192476445e-01
-2.925430323767966301e-01
-2.679367835132657749e-01
7.402156920788512950e-01
8.311492993410695140e-01
2.103523956018455154e-01
2.050279675770133869e-01
-6.489885848942515967e-01
2.327421592413783935e-01
-4.782778527277155023e-01
-4.659356151208364771e-01
7.276770548426292340e-01
-3.572209956848311219e-01
-5.173242660331216491e-01
5.187628585930763592e-01
-1.788531749792396652e-01
3.314596222039511431e-01
-5.185322511804018042e-01
-5.881944791461562322e-02
8.357480920717555994e-01
5.969339492404941439e-01
-1.083909056189790443e-01
6.930298377070867044e-01
-2.716002087831995704e-01
8.454592584841184866e-02
-1.844991601728897812e-01
-1.035670959481175712e+00
-2.149995396170250039e-01
1.751836390363119556e+00
1.567248154569273189e-01
-1.417879484776405352e-01
-1.371019009114235576e+00
-5.812469163522617638e-02
-1.096006726671463705e+00
3.121632811492329185e-01
7.523548832084054894e-01
-4.954655801622530609e-01
3.709940147482074790e-01
3.866230732752499177e-01
3.734106495147382354e-01
-2.517042034870380918e-01
6.527457546372596175e-02
-1.798822052882212419e-02
-1.062495072322239498e+00
3.386888219598462313e-01
-1.975235301672124133e-01
1.115221193234946506e+00
-2.312179023718632376e-01
-7.281720957588820875e-01
-5.329175016820799637e-01
3.742666274937040960e-01
-1.860018592581069996e-01
1.508859726613399899e-01
-1.229436047061901460e+00
-1.291079157046916281e-01
7.324184655513695796e-01
-1.903587587189674302e-01
1.711996960630849940e-01
-3.386629087034271901e-01
4.379115228983292418e-01
-3.818889605940582466e-01
2.329864774223329715e-01
-4.918025345229827816e-01
2.745761717330338914e-01
-9.354184909895835176e-01
-6.723471849276191348e-02
-6.631536750397475366e-01
-7.589400078061915300e-01
1.140368725054538290e-01
-3.991944561358570787e-01
-1.351813547933068127e-01
9.399055110193748064e-01
-8.417554677684374598e-01
-1.783243869129953196e-01
8.786362911254160801e-01
1.149884685770062726e-01
2.667723366445519662e-01
9.400321095467967236e-02
-9.196885319345383669e-01
-4.520368831543079557e-01
-6.994225429071089239e-01
-3.941010635649484506e-01
-8.725017867928448467e-01
8.493066077348153664e-01
-7.650097591043825140e-02
-8.294287705696726243e-02
-2.299878468891664307e-01
-6.300027171022780648e-01
-7.038691337136016024e-02
-5.840334011347725340e-01
5.667982835645364315e-01
-5.783949572613182877e-01
-1.624708246276421741e-01
-1.228357620343830225e+00
7.030462270079250453e-02
-6.063332368775077308e-01
4.790877172785796417e-02
4.588512807466597204e-02
-1.091880571849615927e-01
-6.766224608108666327e-01
1.607613633536177644e-01
1.045032887785707354e+00
8.699936109181753974e-01
1.888787893625019365e-01
6.380806411721474669e-01
3.445755374898957363e-02
5.501702695062066217e-01
-2.864491289891619163e-01
-4.217951131958940225e-01
5.504671832041813095e-01
3.814740566204897765e-01
-3.439271249554556875e-01
-8.218341708122306466e-01
-1.176715429184654466e-01
-6.639961796598763399e-01
-3.706332159607974019e-01
-2.006745531668682470e-01
-1.323561769300115321e-01
-1.886723817661730418e-01
7.809046646482490361e-01
2.735066047130873396e-02
1.085937418784620023e+00
4.936901508629377711e-01
-2.411971015525724293e-01
4.919691950567042782e-01
3.948840079062883590e-01
1.194976414972290346e+00
-4.060281082675524789e-01
9.170720292310166055e-01
-1.644356879451906173e-01
2.256313192358158637e-01
-6.511963068603483507e-01
-7.540822262693883671e-01
-1.958992166140074986e-01
-2.344438797128552410e-01
-1.313963975058191902e-01
-1.745273044841058052e-01
-1.651271737366138970e-01
4.255639022010273553e-01
-6.242698987063928229e-01
-3.254726746170860108e-01
5.882169619573015540e-01
5.072891389566597936e-02
2.158434608222016826e-01
1.029954596903586983e-01
3.791616902788788601e-01
2.437998678281418918e-01
2.858093851477258029e-01
5.489887162232016254e-02
-1.536845460832717836e-01
-3.523022685345750249e-01
-3.566110834440829880e-01
2.580342086363925369e-01
2.165117819274161581e-01
2.132200137565862796e-01
3.138149628480422226e-01
-1.813294934661551505e-01
-1.496572895178169549e-01
6.805243587793429264e-03
2.706703794497866133e-01
-2.664221670664304042e-01
-9.470977047422284023e-02
-4.857853712700199722e-01
7.349594055577581830e-01
7.453265823530924594e-01
4.807270770008568728e-01
3.389457441586024578e-01
-2.425262806502304080e-01
1.557848192338001777e-03
4.376263977972639219e-01
3.205639564894003923e-01
5.080559693703010637e-01
1.110984869794032215e-01
4.488900522453807829e-02
-5.334489552109147326e-01
-4.714848523338985992e-02
-1.030938480645594568e+00
-7.229566674436053164e-01
2.238337003553959315e-01
-8.786896336252484341e-01
4.816382319283003532e-01
-6.162538620493998587e-03
-5.604659997137423355e-01
-3.982284289506340391e-01
-6.095761865981220995e-02
-1.023143940096135490e-01
7.661005850651824156e-01
-1.046859840921584572e+00
-4.597207850770255178e-01
4.028007320659220958e-01
9.692833554634694426e-02
2.927051007424493201e-01
-3.832272869930044568e-01
1.790678921617817054e-01
-4.448929156311537403e-01
6.263823158352676002e-01
6.004900128004370119e-01
2.696679617105981475e-01
-4.254015761206591528e-01
-8.116460633315411011e-01
7.728473869985050260e-02
-3.522509821014160325e-01
-3.682770049734667706e-01
-1.078353969035348442e-02
3.774113318214426110e-02
-2.191563214137234039e-01
2.965315340410418776e-01
-3.982379395590882054e-01
5.497751092498801562e-01
-4.491042279760663614e-01
-2.180327007533527373e-01
-4.281864607839249159e-01
-1.456319532121431448e-01
-1.275935200308676298e-01
5.810280811785204502e-01
8.990337350828829788e-01
-1.476577304482856734e-01
1.047197306116881332e+00
6.202403970646489517e-01
1.388824627614625717e-01
-4.379092473851934897e-01
-7.504091819314347989e-01
-3.622157292322805699e-01
8.899550915413415031e-02
6.127450699024201974e-02
-1.784634634822696297e-01
1.245070044034328471e-01
-4.273981667986680999e-01
5.470236681933923067e-02
3.277408371102747409e-01
1.361731872061592852e-01
4.451684453102911637e-02
1.576709945554623793e-01
2.757762463095677144e-02
-7.098215453245425577e-01
1.050420160578892537e+00
8.212294474812069645e-01
3.537519752872974460e-02
2.008793795384405945e-01
-7.507611757159783350e-01
4.574478870520568008e-01
7.253576901394520604e-01
6.696851103683587603e-01
-1.535274716495351188e-01
2.940334191343009773e-01
1.688105329592581583e-01
-6.555855304357840474e-01
-3.806854203141959991e-01
-2.176518414066412610e-01
-1.120456358433413513e+00
5.833191728962591194e-01
3.793344575744052316e-02
-6.065188906624568305e-02
-1.109439961941851294e-01
1.960718699256600028e-01
-6.751353937131654437e-01
5.600962225205392553e-01
4.506027784780869405e-01
1.074014595034576344e-02
-3.823659540115426081e-02
2.819215260637831233e-01
-2.547416364607720807e-01
8.884932838861654691e-02
-5.647998635748048279e-01
-2.940753384465817355e-01
-6.666083022631911215e-01
-7.112596443772590815e-01
-4.814113462632365475e-02
2.085816506951989335e-01
-5.100764908803407938e-01
-2.437640244937714640e-01
2.726189282464356323e-01
-1.629899306400352188e+00
1.153586466644393793e+00
1.504089049258060251e-01
-1.783649015677432614e-01
-1.034514384936788094e-02
-9.745559878747419580e-01
7.408599919831811154e-02
1.283641645986365321e-01
-3.413437911550284976e-01
-6.701176522077330056e-01
-2.434651637493427112e-01
1.083110164806274367e-01
-1.461155566863044097e-01
-4.517609173210839213e-01
5.337678524938754832e-01
4.835340705789095139e-01
5.255473369559892083e-01
-7.871220555684308451e-01
-9.030961848333947384e-02
