-2.121394574799235211e-01
-7.239707244542560316e-01
3.852177724679922005e-02
-8.853142253338104339e-01
3.509069841477328588e-01
-2.352463938210376526e-01
-9.377939644122954554e-01
2.414970001720372628e-01
-5.469030993450801209e-02
2.176963009532791871e-01
9.478573171160932231e-01
1.236881263889002824e-01
4.810615838312093384e-01
-1.086113779285229107e-03
2.007574040593951836e-01
-6.050469208865777437e-01
5.213392806472163521e-01
1.037527109917257384e+00
-6.322973711794462048e-02
-6.564156649981237601e-01
5.373499036477966673e-01
1.796046394208436481e-01
3.501803602428015250e-01
4.990290072727625661e-03
-4.386390146704101101e-01
-2.322048888221115159e-01
-3.695732699521214748e-01
-2.283082995491786948e-01
2.224491388903419020e-01
-1.099441412129161355e+00
-4.951883223482396734e-01
8.150772108895049106e-02
2.409859031450420075e-01
8.251795665206505814e-02
1.856990780377938688e-01
6.797111582539091534e-01
-3.600685772376569505e-01
-7.311451393612391492e-01
-9.029690232580650511e-02
4.938557181073610636e-02
-6.056420762539768687e-02
-8.553265995956962353e-01
2.556503650037943443e-01
5.203641096509860065e-01
-7.403171504377820122e-01
-5.906778312440634782e-01
2.973351896111276482e-01
4.011927033811061860e-01
1.239279263932849123e-01
1.273669665529155726e-01
-2.539465191174663516e-01
-3.187430884089038075e-01
-2.787094283141937634e-01
-2.985401235638439066e-01
-3.311376312573120484e-01
4.846603594182642971e-01
-1.758615178081371910e-01
-6.299950936383522659e-01
-3.180683830248939303e-01
-5.856061119004599136e-02
-1.792550838292240878e-01
4.066182263171324446e-02
-4.945377013476468520e-01
-7.208869102558126407e-01
2.327323395470921041e-01
1.397425220448350880e-01
4.058608436536011443e-01
-4.188144952697703260e-01
-1.017356212130950399e-01
-5.032246915490607986e-01
8.328438927143080317e-01
-2.655873132347563725e-01
7.894705703399866603e-02
5.318357823195583034e-01
-1.517245500698163330e-01
-1.124639215625439781e-01
1.272347806590104602e+00
4.181960631712560578e-02
-1.118329211178375582e+00
-2.809335034081491544e-01
1.119539660370806738e-01
3.761949091616615393e-01
-4.405876567092518736e-01
1.321093879058503895e-01
3.858491063674693855e-01
-3.840742173218987809e-01
2.292603534085649597e-01
3.172474243305926089e-01
-2.457959385741829983e-01
4.605508925622937566e-01
-4.332069966130904226e-01
5.643561900630618133e-01
-2.920390292198721816e-01
4.262340877380611098e-02
6.965167653989187135e-01
-9.557040415858061300e-01
6.249412012426011076e-01
7.181649148534456906e-01
-2.004378275572491763e-01
9.497195917689039701e-01
8.296402770339855737e-01
7.575166454194264265e-01
-2.587713830420879102e-01
-6.970156456157937663e-01
-6.615336049452544831e-01
5.760575542997073972e-01
5.422389571795528385e-01
1.772648103006050080e-01
1.379526494891612609e+00
-1.364765956264233804e+00
4.909184088369892840e-01
5.670805949040546023e-01
-9.292422730568148381e-01
-9.884029589064780366e-03
-4.372700708764954980e-01
4.687032826697796750e-01
-9.778811649662116912e-02
5.724595608036198158e-02
-2.598260608296875107e-01
-2.682129607699210716e-01
-6.021649174783748615e-01
-6.047233805159069747e-02
-4.369069196933029198e-01
-1.125975796612502133e+00
2.247216989141047894e-01
-3.822045649862550465e-01
3.027616562059674554e-01
8.354652974932756937e-01
-5.312317520845450947e-01
5.155103016843443076e-01
9.432141994644550609e-01
-5.791360736163408962e-02
3.095944538972081328e-01
8.373528038736911538e-01
-2.812958838694560454e-02
8.207525694137045580e-01
-4.472871736015058830e-01
-7.089742195195014585e-01
-5.880648348580670426e-01
-1.987409638738712736e-01
1.248506769217336415e-01
-6.056457520880846879e-01
-1.594229665445687505e-01
-2.241800764938895185e-01
-3.915914697721884496e-01
2.487368769518240874e-01
-2.443134607485853566e-02
8.114918754697467151e-02
1.235657977545123964e+00
-6.312921716723819410e-01
1.193918670487713884e-01
-3.477893397341935700e-02
3.585617455790057195e-01
4.366234312027624243e-01
4.580874403469978318e-01
8.779139169844996093e-01
-4.480093673288015887e-01
3.088022726569299992e-01
3.463289911587921766e-01
4.310214348261138390e-02
1.383667709801675999e-02
3.734744731119806205e-01
4.345247410974772406e-01
-1.905513296774446197e-01
-6.330488193598899915e-01
-1.537694221319869103e-01
-3.308208076537225151e-01
-2.682732780067406675e-02
-8.489330974275790531e-01
-5.857578390176918504e-01
1.843099373042975941e-01
1.706199737448334530e-01
5.881846254208897840e-01
2.377792732527280184e-01
1.310509106381124167e-01
-1.289513789061090543e-01
6.465855934759802137e-01
-2.456252807025573193e-01
6.880445300269273645e-02
6.493187105268249069e-03
-1.783680998975614995e-01
-6.738984302371705537e-01
-1.187881757080925249e+00
-5.960291791914568149e-01
2.084945788386656229e-01
-1.869381744398256051e-01
1.149095342413186116e-01
2.606773491288377209e-01
-6.094357251470648995e-01
-5.097403317264413980e-01
5.566420771382556421e-01
-5.195911355956860378e-01
-1.700881490549802921e-01
-1.636408434071352780e-01
-2.350499696720844967e-01
3.455025550643555654e-01
-8.914063967084603912e-02
-4.376817262702850653e-01
-8.014239777099409212e-02
-8.118270718029811303e-03
3.776608561070233794e-01
-3.406444478371926654e-01
6.508388716805085794e-01
3.164019374735716483e-01
1.172454041195797991e+00
3.349735495355766757e-01
2.174319822215393661e-01
-9.777722840212120792e-01
2.069062451752525511e-01
2.894597002185362311e-01
8.502527426760217999e-01
5.562664741191452045e-01
-2.056963135723798020e-01
1.964710629322593549e-01
-5.144327896772646902e-01
-4.094857979867614906e-01
9.979466181985249817e-02
1.032940129469076318e+00
-4.072639257635784493e-01
5.221055981286543135e-01
-1.759151995962086601e-01
-2.574555682576742943e-01
-1.098672043498458983e-01
-2.478411476405589509e-01
6.959491162978314049e-01
2.415586275519291878e-02
1.285593808953053030e-01
1.403498590019983949e-01
1.367944718289780537e-01
-5.711549481612477885e-01
-2.142626898376807087e-01
6.391897643708546184e-01
-4.600543600261209343e-01
3.205384267578488822e-01
-6.934677037610903483e-01
-2.631921922159630722e-01
6.194847823612611437e-01
-1.556327624549999344e-01
7.953303618126953412e-01
3.103830696659181862e-02
-3.914048229925627953e-01
-2.828397099820867955e-01
8.643117231633338227e-01
3.904646054382854836e-01
2.665829763432474298e-02
-6.944670737236117164e-01
-3.375303565540554440e-01
6.363537023389368441e-01
6.649809924417043883e-01
3.996869998052847150e-01
-3.787404376051103916e-01
-7.713209022723205299e-01
-2.565656908904451194e-01
4.250046293526957841e-01
1.885685520659312331e-01
-5.011609777438094104e-01
-4.104361493566467955e-01
-4.893274271162538214e-01
-5.594482903589767520e-02
-3.650794523555135895e-01
-5.048059434808014334e-01
-2.355510474899785434e-01
2.955983063585526649e-01
1.089841215405988661e+00
-1.115564272684659991e-01
-4.543163827484794082e-01
4.602674565625103908e-01
3.800874329276340280e-01
6.118019473968135946e-01
-3.893362259125773134e-02
-1.692849351079662723e-01
6.472163280411895592e-01
2.243341839910261704e-01
-1.162992593105019790e+00
7.309223770531302067e-02
1.168105825274945220e+00
-6.858168396399769162e-02
5.214103399730504046e-02
-8.657361154713315576e-01
-2.412305306900246193e-01
-1.721418000666472548e-01
4.871423356115673897e-01
4.577315869445019447e-01
2.580945770705642128e-01
8.802562544775445474e-02
-3.252593992861088079e-01
-5.875163685550421205e-02
-1.158441912184803579e-01
1.517961528704168395e-01
-5.201020881218572089e-01
-2.056205537861590660e-01
2.267608601944980651e-01
3.479256603045947638e-01
2.514544061361838057e-01
-3.099799008040354242e-01
4.550317375041373902e-01
5.085060736369700907e-01
-1.255664520033147324e+00
-2.743612587912450662e-01
-5.093833944953363169e-01
-2.444124485401194535e-02
4.832094397786047546e-01
-3.157360807336644926e-01
-1.337757887637183174e-01
2.171192283796529177e-01
5.397951912627645399e-01
8.427670188722106159e-01
-5.209932503627356937e-01
2.530680131241503164e-02
1.221027388238173084e-01
1.115548911863424308e+00
5.295187124025878544e-01
-2.340150011297645882e-01
-1.121139310200922057e-01
-1.243254796862226647e-01
-4.930517521982198392e-01
1.065931974936402127e-01
-2.344277641513185517e-01
-1.303082163379109815e-01
9.797245734216016022e-02
-4.439114949338789778e-02
-4.820413352592765044e-01
-5.016493653171839595e-01
1.245890626312856492e-01
5.147461008538389837e-01
-8.061730837284367679e-01
-4.057565324381812166e-01
6.059138295602709556e-01
