-3.371752840190917477e-01
-6.137135737220894560e-01
-8.118788942806663689e-02
-1.329113071279180731e-03
-1.403067299788079980e-01
-4.801815866450319104e-01
1.447778628326991737e-02
2.457007939067855362e-01
-5.068565095974839063e-02
-3.334099591285600295e-01
1.363338867707551971e-01
-4.937412144575701323e-01
2.826129645744594465e-01
-9.421846876067366261e-02
4.886872116562188118e-01
2.875752126652565410e-01
-1.084551827154042192e+00
-7.508709848369531370e-01
-5.690035594779194184e-02
-2.100493890753370452e-01
6.997889104565618856e-01
3.625797066959587922e-01
-1.290845715250711623e-02
5.846081330170364021e-01
7.338853737214769135e-02
4.672726233725016387e-01
2.182746464785586815e-01
4.018277548074403738e-01
1.301182228913793648e-01
-1.214146538072034820e-02
2.710988939036909073e-01
6.001684828735034394e-01
9.899514738091126295e-03
5.932380988562476754e-01
-4.736758861498219786e-01
6.794301893947848336e-01
7.157871430865302420e-01
-3.687749056746585929e-01
-3.417786430932370223e-01
4.536294563370959348e-02
-2.429659032299155783e-03
-6.356990516806142466e-01
1.194961568870243518e+00
-5.494170001355556110e-01
2.596691735230578502e-01
-6.125896025375174303e-02
5.342390080910826011e-01
-2.836017385699391435e-01
-7.487454262401960214e-01
1.289010219879975216e-01
1.468790663270289898e-01
-8.207986397667830225e-01
4.136854016328676831e-02
6.941369567642312333e-02
4.221566008805976988e-02
2.089832351235389740e-01
8.091340508395174214e-02
1.328227873676943692e-02
-1.487912802525469536e-01
-1.246150182280015145e-01
2.316326143387177350e-01
-4.390341610073322798e-01
-1.411404894310058222e-01
4.833700894386476765e-01
-1.597895762754129312e-01
5.028264618604855879e-02
4.344936547591830150e-02
-5.744488096733256777e-01
-2.420724558830878725e-01
7.579570983805629381e-02
-1.108955389972500066e-01
-3.214893179515220245e-01
-1.116046631976339437e-01
2.897860592264213664e-01
-1.860873617527529500e-01
7.553196062524857313e-01
4.020338304933300799e-01
3.275014834081418913e-01
-4.166568031732081900e-01
2.529707034685212824e-02
-1.723789061471793782e-01
-1.913013490786542592e-01
3.423251184289847343e-02
-2.030056110124123792e-01
7.947797457207139704e-01
6.072602774349301624e-01
-9.343960650038425353e-01
-1.669642313423752578e-01
-5.270329385120594567e-01
-7.882117827308536898e-03
8.465464306266360373e-01
-8.228973450935675449e-02
-4.316606919455594493e-01
-8.623601709745649657e-01
-5.767947899601192363e-01
3.120858408824784824e-01
2.950401674609489100e-01
9.075006218005923220e-01
5.621984506503022727e-01
2.035184893639396253e-01
6.667636011568710552e-01
-4.574932150402773456e-01
-6.673478106844520363e-01
1.639024070065199790e-01
-9.581100246101981188e-03
3.088800151070165145e-01
8.508193945853179674e-01
5.766004784038349928e-01
5.801622852986051404e-01
-8.098803574341868483e-01
5.560318048339690788e-01
8.222129195270651975e-03
-1.519079490727681114e-01
-4.272176680104012303e-01
1.902895533475189027e-01
3.416353047361418982e-01
8.401848775284866955e-01
6.015130467775215983e-01
7.255759258638044829e-01
-2.390379385445221827e-01
2.140067588091389139e-01
-5.134553626774094326e-01
4.523510240945696759e-01
3.801320919625671979e-01
5.641587933762324258e-01
4.277610229139002795e-01
-1.528757538639585190e-01
-3.243661890631563405e-01
2.328304247558094231e-01
-6.790503364161504241e-01
4.044586438766391012e-01
-5.486578667281447608e-01
6.193223167499019299e-02
-1.246128400719245521e-01
1.146365072085940850e-01
-6.775032087170482775e-01
-1.329597954653716663e+00
2.280509814493112963e-01
-7.503835476571114604e-01
-3.633455329643337506e-01
-5.784384819247673226e-01
-5.994978369295327070e-02
-3.356831288611555886e-01
4.204670162828660351e-01
5.493229903326033448e-01
-4.646748624705941411e-01
6.369903373382586054e-01
-3.325048127541203880e-02
-8.647808779213282671e-02
-2.732488383750557026e-01
-3.635055851717719499e-01
1.705135990211920916e-01
5.188404331311814444e-01
4.872498584969519042e-01
2.390923980781980984e-01
-2.289775156722170801e-01
1.841009351640439662e-01
-7.901977595795089959e-01
6.838981108782703211e-02
-7.801466422791115685e-01
-9.010681143308338359e-02
4.409707806375917083e-01
6.274431860184762622e-01
3.969397556782964243e-01
1.097142373526136666e-01
-5.627951581759968458e-02
6.355588282558634339e-02
3.615112569361557115e-01
-4.466426077202617639e-01
1.258642139533036886e-01
1.005686109809054374e+00
-4.078133818578971170e-01
-2.385921684134318377e-01
1.490945153612436569e-01
-7.763107407261678368e-03
1.772738263294224015e-01
5.876995143673853228e-01
7.613352434111603229e-01
-4.501790317221393556e-02
-1.293484782637197850e-01
2.969537789137589034e-01
1.680308404471960726e-01
9.000515372848130191e-01
1.080720704126788279e-01
-8.286468534071310399e-02
-3.738270421329555060e-02
-6.299103520243914955e-01
5.541461816684594144e-01
-4.452920877175532421e-01
-3.306863651282506700e-01
5.364844227033885304e-02
9.122259351698847052e-01
3.705049721246418404e-01
5.150327571305757246e-01
6.752161007184527552e-02
-2.206614787286402535e-01
5.330675209983379848e-01
-2.084656589948132022e-01
1.136825594905350872e-01
2.341281646310319070e-02
-1.120653706936530769e+00
-1.198508082102913264e+00
-6.174626891385243121e-01
7.341517313081100671e-01
4.668624873223221200e-02
5.956600735379555950e-02
1.977311027022491952e-01
1.257328201900072884e+00
2.660466763423261494e-01
3.696179748599378589e-01
3.265535007593902139e-01
-6.112691157868683778e-01
1.233024871647683818e-01
-5.514527654213158270e-01
2.309114134612339220e-01
5.797208045256417863e-01
-9.541060307577734489e-01
4.674774621434677480e-01
-1.724668653811711194e-01
9.608312504600780013e-01
-1.100537366480034196e+00
-1.024647432796461866e+00
5.991758913499596328e-01
4.933070153546694203e-01
1.275751864577371886e-01
-5.747460520036300480e-01
4.840430918772885005e-01
3.010615615790107058e-01
4.289345463087979038e-01
3.634944570945408127e-01
1.039154351318654218e-01
3.183660546944908076e-01
5.882315793068626508e-01
1.123571704399553978e-01
-1.538887277491108596e-01
-1.799729584093044121e-01
-6.296349266378102882e-01
-9.266963295391867916e-01
3.938295559857239447e-01
-8.751422075788803934e-01
-5.632496273092595374e-01
5.899725611442628859e-01
1.743207302873935327e-01
7.326701713013354933e-01
-6.171311069230684190e-03
9.879602163838032691e-01
-2.655019635027141556e-01
1.118619320928208483e+00
1.312157575708698121e-01
1.044645306075771884e+00
-5.933366420613690739e-02
-7.244084015144042210e-02
-1.430334281518292061e-01
2.680912881120168234e-01
4.855602586905515272e-01
-7.147328184801475803e-01
-2.081441212928205886e-01
6.858309381416986816e-02
6.092596371398655286e-01
3.560872703603740752e-01
7.141252718011042999e-02
-7.447726430020081001e-02
6.500503729291852162e-01
1.474876202644070100e-01
1.527957045154178760e-02
2.500530554134923755e-01
-5.081927317529224553e-01
4.536931662599232862e-01
2.742669953617887790e-01
1.198957510459297895e-02
3.161117792519534953e-01
1.555051363743098491e-01
-3.942231926411374210e-01
-1.775381596032503673e-01
5.232751034967212389e-01
-1.000810487622198763e-01
-8.483315558103455764e-03
-3.156160670410196878e-01
-3.619409283073131700e-01
5.394400848609601784e-01
5.789452755900412750e-01
-3.604172630280187417e-01
-4.217457433139370493e-01
-3.330928085552305462e-01
3.780204713057610522e-01
6.772202947125691708e-01
-6.501897870276698299e-01
-6.058397597650905242e-01
3.052085290214001101e-01
-2.196052768276970657e-01
-5.914446498617693670e-01
-7.035856910460012159e-01
-5.912051149743263734e-01
5.941619506515162241e-01
-5.889783065283160646e-01
-6.838242077015213027e-01
1.517789477198005776e-01
-7.317034218998007544e-01
1.446751549631287714e-01
9.217115435284485570e-02
-3.612168966137405679e-01
-3.225117726836480014e-01
-1.495602350345345277e+00
8.176903412278245797e-01
6.164566263843167526e-01
4.002044129107172332e-01
-9.641837020098913136e-02
1.970657330742526248e-01
-7.865898769600552232e-01
6.936790569007971197e-01
1.093017015590043162e+00
8.829068192582615326e-01
-3.440037403011373396e-01
-5.517300176859456506e-01
2.791709353651583014e-01
6.952799285892510284e-01
-6.366763080737686264e-01
6.023340067326279357e-01
-1.520223869522156768e-01
-5.770112679530616656e-02
3.069008280333589411e-01
5.889905662763357252e-01
-2.822652766241769973e-01
-4.325931551136837777e-02
7.938559085143146454e-01
2.651950466851469290e-01
1.049313018279816268e+00
-7.367768481120218205e-02
