8.406130919426738624e-01
6.704386929048243848e-01
8.300509971526573993e-01
-6.837310216030872967e-01
2.356152717390209636e-02
6.353018321986593220e-01
-1.967435744386659413e-01
-4.866099731179777677e-01
3.280658863023980243e-01
-1.315014141410393023e-01
9.600299558885422302e-01
1.454149964711499432e-01
3.472219269788522911e-01
-3.710058602062751842e-01
-2.265841328223964501e-01
-1.475571071356123753e-01
-2.875532200029849716e-02
-6.088620146759151641e-01
6.682951795210021473e-01
1.147792331398696408e+00
2.126804539887750672e-02
-1.146648573750395750e+00
7.695329555342260430e-02
8.093284664962978603e-01
-8.455861334877332602e-01
6.537153582836376930e-01
-6.115220957923087619e-01
-9.385964006416736005e-01
5.809853746552053888e-01
-2.819451593425189584e-01
-8.451226366159510228e-02
2.276183200115866334e-01
2.594236590624653116e-02
-2.985827211020985472e-01
-9.876803909865654318e-02
-1.299922928851699133e+00
3.154506352593334229e-01
-4.973915910100586424e-01
9.974937307932755237e-01
-2.480655418141922974e-01
1.045525907822261846e+00
-6.898645493692905084e-02
2.617577038950645862e-01
-3.582363138589352847e-01
2.041824330993224079e-01
2.279783357679525946e-01
-5.303934060187218691e-01
2.261248723860723453e-01
4.444140036653250747e-01
2.666572724297679442e-01
8.465268836834106692e-01
1.015772915299653967e+00
3.218150587709331933e-01
-1.449745777174062389e-01
8.873671013582417055e-01
-1.186656652284528851e-01
3.357591122825090979e-01
-8.181104968148808498e-02
-2.800131285236324152e-01
-4.548525533820586553e-01
3.763518433960462151e-01
2.295841562162318494e-01
-1.532611645367370698e-02
4.073142528274555085e-02
-1.903544329733244667e-01
7.893426437312206501e-02
-2.428069576462326407e-01
8.035610793795495699e-01
-6.325637854438419527e-01
-4.975638329251458880e-01
4.356460469443235728e-01
1.987461287612220795e-01
-4.824903594196742196e-01
-1.819648704478036561e-01
7.242018508372521923e-01
6.185156183002837871e-01
-2.404851208180532052e-01
-4.561910830391596727e-01
2.882250183594807780e-01
-4.526021444723172804e-01
-3.556632517883260847e-01
9.600631506126069969e-02
-2.305206862323618544e-01
6.665731606866944770e-01
-9.608464656334990694e-01
4.178992734996519465e-01
-1.951523848475885392e-01
-5.879002129807378747e-03
-1.757738165500930760e+00
-2.814042445947165239e-01
-1.775437099523174411e-01
1.866430613533625327e-01
-3.952015406170696771e-02
6.600560393612271426e-01
1.628598064097562526e-01
-1.007800979249812573e-01
-2.360927005713442384e-01
-2.867113100561669362e-02
6.210650566842310788e-02
2.770876526081045843e-01
-3.797215313358849320e-01
9.077471892854732660e-01
-9.283763853006336830e-02
-3.873046296085157908e-02
-7.088540261477667137e-01
-6.939038571957537593e-01
1.081030734328452869e+00
6.094762431806894920e-01
3.302753316275675033e-01
1.805852625018735114e-01
-7.395797982019585159e-01
7.719691553763532443e-01
-5.076583399933195517e-01
3.403704429797213549e-01
-2.774119736122858115e-01
-5.658245999038954421e-01
4.177084974304929865e-01
6.127959544745111842e-01
5.136794127114585606e-01
3.499777134262862521e-01
1.809632650260714626e-01
-1.291679301124944723e-01
6.978749177653693625e-01
-4.220698079014670312e-01
-3.018282237355913653e-02
-3.792661984642261425e-02
9.353373132300538684e-01
-4.791606745805005590e-02
9.742483402412732696e-01
3.805869681783562997e-01
-3.688426132580407413e-01
-3.223712723590904106e-01
1.907216649541889353e-01
-1.708568815372923655e-01
5.102853382556779005e-01
4.747889552272011038e-01
-2.602759030580485411e-01
1.726775182367230377e+00
-2.021254046636036528e-01
8.790643511474559302e-02
-3.941315541159282065e-01
3.292962062707094906e-01
-1.101095933957315365e-01
1.248067723830027925e-01
4.070064295216176409e-01
-6.100140956493593780e-01
3.330574730001802930e-01
-2.342962380818744139e-01
5.967144834699271037e-04
1.250437196591449140e+00
-3.656635108880877949e-01
2.921297275319175227e-02
7.533903055421480310e-01
-3.998393804002138563e-02
4.917908289819106771e-01
2.831586900942372753e-01
7.715528232006768627e-01
-3.389797090955090630e-01
3.099219470474596783e-01
2.123498780136885700e-01
-6.080614120667764411e-01
-1.072022010118725693e-01
-2.752798754124006000e-02
2.440828975070182538e-01
2.672575502051078300e-01
-4.458271113087749864e-03
-2.959278783170131710e-01
8.354422348980445473e-03
2.033402527382108804e-01
-2.297848417052180126e-01
-3.829335536233219317e-01
7.201098432651893422e-01
2.585967718667857573e-01
-2.145707859784616589e-01
2.084721766358334505e-01
1.666525964825473285e-02
-2.064635183818266106e-01
2.259305441680654059e-01
-6.892507158784247911e-01
3.008960615052787557e-01
-2.956583392214524042e-01
2.232979981624224064e-01
-2.297846527936902861e-01
-4.301172339014820434e-01
-8.160870508473201390e-01
3.756624279080591489e-01
2.698101417817091452e-01
3.138981932223006144e-01
2.080700385805879793e-01
1.367614965150913964e+00
9.115514691880086118e-02
-6.471685564640211608e-01
3.962433681935972896e-01
-3.983519692220275910e-01
2.078170574498234280e-01
-8.681059939333676256e-01
-8.445019208714255043e-02
-8.091176805958439910e-01
-4.512213579222565385e-02
-1.141194530203339524e-01
7.439113932065866130e-01
-2.614130982830684125e-01
3.683375973442067075e-02
3.640583049400627491e-01
-3.970718533484243057e-02
5.010542080814832031e-03
-2.856938494226503034e-01
3.588084272332789371e-01
-4.500706375941048165e-01
5.015299250561404687e-01
-1.130507022068959061e-01
4.256836849792484112e-01
-6.766591253197887790e-01
8.056830981286418336e-02
1.048046432300901776e+00
1.812345506582711541e-01
6.551729716390736202e-01
7.702547001385222636e-01
1.089982923164451112e+00
8.590127232668216817e-02
4.202416434498619791e-01
5.113947418098463427e-02
-6.670421371134436228e-01
-2.039179389371474360e-01
-5.599969799216240052e-01
-1.312424188154104554e+00
4.597781924726082048e-01
1.539348075207743749e-01
-9.420557158056663827e-02
-4.377116264475537366e-01
-1.795543570910475006e-01
4.852394152248532544e-01
-2.654512029111063542e-01
1.081004204200116531e-01
9.379556074310028135e-01
1.041498929234342674e-01
-4.889556735298734580e-01
5.732184148403555307e-02
7.478772681243407716e-02
3.244689777175017303e-02
1.931130789542124249e-01
-1.057621667180932562e-01
2.050161827077804366e-01
1.150934542090020357e-01
8.118320391732821717e-01
-2.034856009519166453e-01
-2.259880876907502736e-02
3.468826219177068571e-01
6.012708055435612292e-02
-4.211462197739415658e-01
4.735351930325196884e-02
1.408338106811692636e-01
-2.914698474083193269e-01
1.198218266549022637e+00
5.699243435000236335e-01
-1.586167662274851897e-01
-5.466586857742151695e-01
-4.833771277666712995e-01
8.588330433424287147e-01
-1.882867338868823154e-02
3.807311225319443687e-02
4.520066119150766282e-01
-1.218888055499536827e-01
-2.925027563872472647e-01
8.235824917391584288e-01
5.084776742364163216e-01
-1.939777357999375729e-01
-5.409710229608554188e-01
-1.296458246455407526e-01
6.989063640701086433e-01
3.850088840657094058e-02
2.816092127825916003e-01
-3.994619986675612133e-01
-2.822139549758966304e-01
5.036407357050631806e-01
9.261457474224479847e-02
2.599559463532330472e-01
-2.581806068158806755e-01
-2.144930226745183632e-01
1.108524009547597666e+00
7.220006195756736855e-02
-2.853815266188564626e-01
4.780581438288568075e-01
-2.001777428245962998e-01
-1.426994776355374438e-02
-1.027013300788490457e-01
4.189979111997675920e-01
-3.757613260674084188e-01
3.687346432584628214e-02
-5.272627556935344240e-01
-1.925166838957056425e-01
2.321814506405829315e-01
9.945248129415285021e-01
-4.968006422797004440e-01
-5.754320004580266712e-01
-7.436543941077813358e-01
2.084284724368354047e-01
2.154667788611412116e-01
2.500255143310320394e-01
-5.482725110547210373e-02
4.989711113007687660e-01
-1.636404339031184152e-01
-1.489212156006654575e-01
4.998265717325549584e-01
-5.127290816056399858e-02
4.438419811837159834e-01
-1.114746051967242524e-01
6.615152362912386508e-01
4.965284527743210607e-01
-1.654945255339552168e-01
-2.007452534140013733e-01
-7.798570167194310843e-01
2.041644017118689480e-01
2.456460971313699504e-01
4.248348245631311526e-02
1.715237176357727877e-01
8.051272244869159267e-02
2.198679172391267145e-01
9.317554648692364383e-01
-2.682998013456400904e-02
3.377878082988994279e-01
-1.470884130544114765e-01
4.555349643043801744e-01
6.593682585059089662e-01
2.462615505701248320e-01
-9.323410895701143009e-01
5.417688959566202556e-01
5.884418771141342736e-02
