-7.733385217049384419e-01
-3.382153086027339661e-01
-4.013323402452261268e-01
-3.598903204522211352e-01
-5.903659564037477825e-01
4.803664873668639368e-02
3.413607215726823796e-01
-1.578770484136550190e-01
5.001842707463340781e-03
-1.013730357904993662e+00
3.596079979224867662e-01
-2.824970303058634280e-01
-6.684259669756962285e-01
5.697500256531775609e-01
1.242618380087134655e+00
-4.200038598024518621e-01
-6.342462284640371095e-02
-2.991706830660041394e-01
-7.668097229387355052e-01
1.290566869302351982e-01
-1.594030010907976636e-01
-3.744510061199198686e-02
-7.377507511701885123e-01
-3.014639370509938909e-01
-5.318761068442315887e-01
5.541920510982810411e-03
4.737930847911036025e-01
1.997513767912089885e-02
-1.267876621605157628e-01
1.373408246594173265e-01
-7.679029114747021323e-02
-1.895710390897626940e-01
6.129784533870514807e-01
9.587103740673732499e-01
2.371280444577994750e-01
2.426265487700740853e-01
-1.033510764886867578e-01
-6.349632672320670856e-02
1.509065961080596485e-01
-1.398365845044578171e+00
9.972010969151035020e-01
3.513405896047222532e-01
9.945659138182888492e-02
2.785414993187196320e-01
-1.744240521546352451e-01
9.940715400058175444e-02
4.282436626356169174e-01
-1.021029834716641771e+00
-5.602345070808275596e-01
3.768913327251934287e-01
2.800427595806423975e-01
-1.722156244812343528e+00
-1.409835954179178563e-01
-1.032966378380640426e+00
1.587874191269378343e-01
4.148990073759311059e-01
8.550521609152481606e-01
-1.517726054088408549e-02
-2.272994774070204171e-01
-8.958651841351425449e-02
3.744602165817541573e-01
-2.631488458563884802e-01
4.698548995568101877e-02
1.956587708723734331e-01
-6.504640800261621836e-01
3.008720876324062488e-01
2.802613011174730495e-01
5.577799373667354788e-01
-5.366091909677885852e-01
-4.038431725542350192e-01
-2.290580336832211683e-01
-2.299951350508117887e-01
7.217884002842658298e-01
-1.349206272542033680e-01
-3.529871829464290012e-01
-3.914768347387254099e-01
-4.161428289290802773e-01
2.547997299048895825e-01
-5.475726400871583355e-01
9.170165007157015102e-01
6.097512031462930526e-01
-1.244522983185914616e-01
1.173382641920687475e-01
4.115423074664903980e-01
1.330200322786414813e-01
1.049785095610204083e-01
-7.299655485833277391e-01
2.019265608682122848e-01
3.911339787601658124e-01
-5.324886896825080651e-01
-4.589250078744832456e-02
-6.564332286164312746e-01
-6.823622473195380955e-01
-6.985878325636444286e-01
2.227741170482249733e-01
-3.281081612967335914e-01
5.654062634889293060e-01
3.067694893070145867e-01
-5.973190833913853970e-01
4.131066715187905469e-01
-3.194115756472708512e-01
-1.035248162504832647e-01
8.250817264255031480e-01
-1.534042608229064034e-02
-6.438638549683219914e-01
-2.024375839695005397e-01
4.269004267645665762e-01
-5.219219512088992818e-01
4.821514999231085730e-01
-4.314753139130042547e-01
-2.440170467640307705e-01
2.929874573894540868e-01
6.077638604166347713e-01
-2.151775709065222586e-01
-2.795517463500618027e-01
2.594139265227499713e-01
-3.273611489413132403e-01
5.353681841183455248e-01
2.988349771406658140e-01
-8.139300133701330431e-01
9.401185571238004357e-01
-1.865075326355398189e-01
-4.207304887938274063e-01
8.931966096303387559e-01
-4.148425429458584279e-01
-6.136043811723687624e-02
-5.198095908826975142e-01
3.008767000608451037e-01
-4.612273854844914922e-01
2.711297587616078864e-01
2.381394426607014170e-01
1.326156723945948190e-01
5.998540914722177986e-01
-3.518455323804928203e-01
-2.626207614644774924e-01
-2.822405729839969069e-02
-1.145641793254728591e-01
5.362039601408467165e-02
-4.306620477070898234e-01
2.297929590700962255e-01
2.732212549170378035e-01
4.223782738491748678e-01
1.060644330666376534e-01
1.599799617044569966e-01
-1.105079096370913116e-01
4.527807827594572676e-01
-2.447569630553177167e-01
5.519496930568673632e-01
3.409447078260959274e-01
-1.145328492974302836e+00
5.851519579158404039e-01
-1.559694817714881998e-01
8.666010870151443779e-01
-5.473304694987611851e-01
-5.470165080835351912e-01
-3.292368951649339848e-01
1.066066709215599262e-01
5.453689495882403371e-01
-3.211610722755827152e-01
-3.445447270019098007e-01
-4.527881010371461179e-01
-2.742005482802794547e-01
6.130810720440710293e-01
-3.256646569484479836e-01
-8.097600974736531010e-02
4.227898827882750621e-01
-2.286799405186134004e-01
4.850093409487014895e-02
6.944790530382326521e-01
-3.980889463561483876e-01
-1.009641309419014865e-01
8.219314967087383572e-02
-9.299594519027892803e-02
1.087104766373927639e-01
-6.720796408120249810e-01
4.337929039834751976e-01
-2.621363618107019899e-02
1.072141339574815139e-01
6.469309733227234238e-01
5.161523646444151486e-02
1.598750299189878876e-01
-3.063198219183393411e-01
-8.738741438266327266e-02
-3.212933185952092097e-01
6.151962171980283056e-01
-2.613381844215262872e-01
-2.926502374625651326e-01
-1.149812091514056528e-01
-6.510672179960187711e-02
9.031454521961858328e-02
7.480366671718187595e-03
1.879637885227463112e-01
6.057358986063843265e-01
1.184558604227222922e+00
6.340949388947885179e-01
4.740918914294783848e-02
-3.943666346495354746e-01
-2.926957795723740818e-01
-2.230792280862824162e-01
9.976580242581840618e-01
-8.441497484978129906e-01
3.702169314181240622e-01
-5.823908500044602254e-01
1.475617465564200426e-01
-3.185052127796145216e-02
5.334859762369565939e-01
-7.640357250898759389e-01
1.644842498869311664e-01
2.759134481772921310e-01
1.458848452659299022e-01
-1.657413493350444744e-01
-1.370471116636998443e-01
1.464115544837172045e-01
-3.593825924022189255e-01
-9.391083265000312874e-01
-4.566185897316095699e-01
5.450074535500499806e-01
-1.709336881006961739e-01
9.520544616182083919e-01
-2.548510651591693876e-01
-2.268213342317871861e-01
-8.191627503283749334e-01
-6.732749449449594303e-01
-1.014204985091894662e-01
2.887140431094653570e-01
-1.421638349009271218e+00
-1.282682553703816453e+00
6.149897582378794914e-01
9.191300791706681628e-02
7.256681876740508352e-01
3.397283855356266202e-01
7.443514782955719111e-01
-1.066709766607995408e-01
-4.914033892914929785e-02
-7.908918903897234065e-01
-7.780602586350092442e-02
-2.078717808478265650e-01
4.534844305532047537e-01
-1.187426072147332867e-01
-1.274228044899885059e+00
2.740400560636749305e-01
5.906447463759594702e-02
-3.596280568478283368e-01
1.099254820541182953e+00
-8.817147764496988671e-01
1.841709584592212401e-01
-1.260615084693968713e-01
-4.137523087327548144e-01
-7.068742299000875529e-02
-4.401329758344005305e-01
4.539116285363627157e-02
-2.311182723472260947e-01
-4.764400584735929978e-01
2.421971444327859491e-01
8.590780910708034623e-01
1.121173709146133790e+00
-6.857080877219526305e-02
-5.753449256957875457e-01
3.436551149880093942e-02
-7.373938462852592801e-01
2.763680194880474561e-01
2.258239567678657356e-01
-1.106744042333893119e-01
-8.359971166324801917e-02
-4.591673707764002965e-01
3.121287436866501119e-01
-1.423395821635741743e-01
3.033700475946070618e-01
6.425979288138047307e-01
-8.500559331815063513e-02
1.321664657970167689e-01
-8.872327160420919734e-01
3.627826020259475870e-01
-1.055772454149281336e-01
2.234346409500124198e-01
-1.367841036093772944e+00
-4.606218180064567957e-01
2.945532462301892473e-01
3.536738830305728443e-01
-2.900834340840003356e-01
-2.458868382445615897e-01
3.909915798722561897e-01
-5.680707789046353096e-01
-3.928876990641645417e-01
4.260525283961674181e-01
1.503742888491620133e-01
-2.816931979636591032e-01
1.454039697123747032e+00
1.315948461785441115e-01
7.337127353119614337e-02
4.961562451457317974e-02
-3.584857880261666657e-02
4.322248388088020810e-01
5.413543744305111538e-01
-1.141694033535984587e-01
-6.622230715336206996e-01
-1.987493898173264550e-01
-5.558244438067626580e-01
7.453031991069942741e-01
-9.872708941731197507e-01
1.937698146053447867e-01
2.258443525669252827e-02
-7.678267329459883550e-01
7.199858508429040072e-01
4.172525421565717596e-01
-4.000216770257303822e-01
-1.155530922235411123e-01
-1.261007303109388522e-01
1.215172358950116216e+00
-8.017893291830878455e-02
-4.907417793876875933e-01
-2.260558329062035410e-01
3.986139170970453560e-01
-4.588864826706681721e-01
-6.818313271264470066e-01
-5.152775067008268095e-02
-8.363278665479387808e-01
8.884267223308583983e-01
4.060531583652526866e-01
9.254905486092905864e-01
5.008685007856270577e-01
5.378256666921368279e-01
-4.525247572261971163e-01
1.961322540662799874e-01
-1.738166851182381678e-01
1.334274632540733141e-01
-2.289629827719875943e-01
-1.524081127083936338e-01
