3.210471030496466205e-01
9.580455948693419321e-01
-5.852212443361133609e-02
-8.171957902541462371e-01
-9.517096066667171117e-01
-9.904133513094196539e-01
-2.034122636959520558e-02
-1.281456317219753949e+00
2.352537491228683830e+00
8.384705037289248430e-01
8.151454452095086012e-03
-1.936829508882487394e+00
-1.387740009030053567e+00
1.832063250340468796e-01
-6.406383037767842126e-01
-6.841966225371738375e-01
1.860576639069975613e+00
-1.015405768433387035e+00
7.707542539536377246e-01
1.234400433736374980e+00
-9.616077257434194614e-01
1.107154395657149015e+00
3.915912370949345411e-01
8.919696761122568596e-01
3.214051162464711675e-01
1.226090782976884341e+00
9.833429317383650392e-02
-9.905778929649043940e-01
9.804732802301139305e-01
-8.389097743962931064e-01
-3.254926310668873612e-02
6.377210413998344318e-01
5.252446266517498685e-01
-6.201845689126519456e-01
-6.760632791774253691e-01
1.215803326205685986e+00
-2.695798447976466838e-01
1.186085173346256738e+00
7.203800443378935991e-01
-2.144407903865221510e+00
-1.301630750872157627e+00
-1.612401558551939340e+00
1.008148344930864582e+00
1.096247625864711361e+00
1.469732029799973194e+00
-5.533347215798332108e-01
1.164873733677150858e+00
1.413446905777833162e-01
1.164254590300447756e+00
-1.438891969455750486e+00
-1.093542705640094370e+00
1.651304097866378162e-01
-6.628113859795603524e-02
-1.591352765607511932e+00
4.717389038598153450e-02
1.013003818333774175e-02
6.332202279564741465e-02
-5.429440702341101765e-01
-1.799039973938441062e-01
-1.008996069061275147e+00
1.288593331947589959e+00
-1.368566338389294312e+00
-7.767138888874136615e-02
8.456313333853834324e-01
-1.805520159431816263e-01
6.834881134469337205e-01
4.175400109431048890e-01
2.269275623714702150e-01
1.341244683367332158e+00
1.158512434100266830e+00
1.594480235945898716e+00
-6.384924874831161556e-01
4.150242470037616149e-01
-3.744780985574346355e-01
-1.510883093080997719e-01
-1.106922423876117501e+00
1.202791083185154264e+00
7.614285596197296613e-01
-2.084077051521253665e+00
1.900356311335580362e-01
9.560822918992109010e-01
-9.411686165115458191e-01
-9.433537996547691762e-02
1.298639607556679731e+00
1.065776815560316004e+00
-1.139001335017105321e+00
1.388893753193179981e+00
9.453413733179788503e-01
5.624300578645846649e-01
3.735638575644212867e-01
-5.483234455708371202e-01
-9.124467675117289289e-01
1.832190086672642604e+00
-4.473960589808714250e-01
6.457663169852893015e-01
-2.100051214628425367e+00
1.479579502839137861e+00
-1.381426169209091448e+00
-6.672617697904359435e-01
-3.277442444135245658e-01
1.867615839766676167e-01
-1.813532250318111494e+00
4.861759721914082899e-01
-1.041601353236778715e+00
6.414711659049745496e-01
2.313103088787553219e+00
-7.762687887161857647e-01
7.298582887938659391e-01
1.526587749482104961e+00
-1.691798548985951278e+00
-1.460812611146250273e+00
-1.148246756188825879e+00
1.906761142062417314e+00
-8.528359706050539502e-02
1.185632008627228284e+00
-1.845036610003659483e+00
-1.612917943254604580e+00
-1.185059234618809132e+00
-2.421107880575227966e+00
-1.064169364121161920e-02
-1.933946566323186289e+00
-2.281524279127903121e+00
-1.711975286226727899e+00
1.698137547541775372e-01
-8.652235200592263142e-01
8.656148217680016410e-01
-1.227311898869072881e-01
-1.510180700323741299e+00
3.055205842164417929e-01
6.271323350879181024e-01
-4.873100301577297788e-01
2.516767346368412595e-01
1.157692157987444403e+00
-1.870035720305965599e-01
-5.376006956085008781e-01
-6.908392605565676359e-01
2.602905542961386764e-02
-2.597483948120759223e+00
-5.858422403962927349e-01
-1.383415518461810767e-01
1.115768543841125782e+00
-2.855856016419761056e-01
6.881082041192765342e-01
-9.409608595572311884e-01
1.530830070380110541e+00
3.819681081713592885e-01
6.968075023964306336e-01
1.004106360618949756e+00
-3.111830531417005274e-01
1.594435831267648762e+00
-4.629427587765752583e-02
5.298250776619818359e-01
6.471609254211049267e-01
-3.815510004232657848e-01
1.818032062974181295e+00
3.843893620876964068e+00
-1.360045671604011241e+00
-1.053552695087837776e+00
-1.097355886218693843e+00
-2.296173506535511333e+00
5.252252786886587588e-01
-1.362866108387314146e+00
2.426804973613424732e+00
-1.143411816148392629e-01
-5.275993094599401578e-02
-1.407969141214588382e-01
9.509312970858335712e-01
5.786956734164671046e-01
2.113644837205377325e-01
-1.173772527530013932e+00
-1.011461436077764509e+00
2.176835157514854568e+00
3.833429225139934893e-01
1.058541964722768514e+00
9.909916994397226231e-02
1.495103838500628779e-01
3.109764531926406672e-01
6.588865743056414592e-01
4.733689043490373338e-01
-8.247593275416545966e-01
1.123181781152659431e+00
1.018556682752811415e-01
1.940239720265551249e+00
-6.336092147432540456e-01
1.985384123681065982e-01
-6.325157039537363524e-01
-5.782879098494938391e-02
4.615430018439840021e-01
1.183092839025361220e+00
-2.631897027341009165e-01
-6.447369628165864341e-01
-6.034605908822935350e-01
-6.545365140924882530e-01
6.409907368629895463e-02
-5.693279788602997882e-02
-1.469286001333119707e+00
-3.638937523715717326e-01
-1.260043298848510240e-01
-1.609917894111407288e-01
9.107601180201587709e-01
2.930164149006798668e-01
-9.479361523568698988e-01
-2.112944523562254595e-03
-1.041146309275821968e+00
2.915952176330038892e-01
-1.412411185098149669e-01
-3.102008067467025842e-01
8.235790677689808215e-01
-5.837025104270663345e-01
1.866349274593770424e+00
5.218268531631603535e-01
-3.294603219064348165e-01
7.674092707532378377e-01
-4.572340422306213070e-01
5.020907020411849997e-01
-1.502350602038354355e+00
9.332644109530841003e-01
-1.751299335806394408e+00
-6.771481613351879592e-01
-9.940384900721097594e-01
7.474248069644653381e-01
7.020464294340553746e-01
-6.490432529497153213e-01
-3.327652598416413476e-01
5.011820583095039083e-01
2.277778555096600932e-01
-5.309365131926354620e-01
2.199853496814233589e-01
2.308207697073036135e-01
8.924032581827305854e-01
1.283679567698464474e+00
-4.627367886582992029e-01
-9.010585507558239726e-01
6.152441925773231013e-01
1.719719023955061710e+00
-6.516438891428866231e-01
-2.190829929649698027e+00
-1.685478206518418176e-01
1.565028888087341086e+00
1.784791279753192572e-01
-1.114780590564847795e+00
7.974109998947968847e-02
9.751550248502784957e-01
2.515061357983402246e+00
1.570080407023750624e-01
1.042282468916199134e+00
-3.079630571042221376e+00
-2.930669975804438554e-01
1.063327201900461094e-01
7.905027159179606189e-01
4.121007626611563612e-01
-6.884362151820870857e-01
-1.633681630170511490e+00
-1.021526564023337025e-01
-1.193988068925797341e+00
-1.390714918003087774e+00
-3.363127787584060391e-01
7.990510837287787549e-01
4.073650046155652960e-01
9.042204326099910761e-01
1.469002956631661583e+00
1.214736763436144784e+00
-3.629155303129266152e-01
-6.321773710424737347e-01
3.149920593447036454e-01
7.807766626844582225e-01
-8.782548000594417870e-01
7.780231168020705912e-01
-1.199711682664043710e+00
9.034419290578039607e-01
8.387964064672270847e-01
5.027173489036041998e-01
-6.595259947744509521e-01
-2.419529873788303087e-01
-1.509995481842320908e+00
1.703115374832356310e-01
3.522009367680695724e-01
-1.370979781592811975e+00
1.177044281272144666e+00
-1.287263500808041972e+00
-1.175719151098206794e+00
-6.545832267155313744e-01
-8.190539846981997885e-01
1.911395373930822261e+00
3.117016101746222789e-02
-8.114828669434815955e-01
-6.318257551759636215e-01
-3.226588803979816844e-01
-2.539147926063357041e-01
-7.800432353021170551e-01
-3.913651015540298705e-01
2.626508917953277678e+00
3.921049872807678693e-01
3.966234299893500737e-01
2.023591037458108310e+00
-5.682746685350232863e-01
-1.394305715750279395e+00
-1.664514747692820429e-01
2.140497180438776681e+00
-9.410324789583515703e-02
1.262176035406911812e+00
-8.317909511332107764e-01
-1.019983417056581576e+00
-8.501884279838051173e-01
1.284812145650712667e+00
1.108308958978418968e+00
-3.706726312416482316e-01
1.612906764622865086e-01
-1.936927241053569171e+00
1.768933219365643184e-01
3.590422052420408350e-02
-4.056918272888249133e-01
-4.355644574358559784e-01
-8.621820975931450137e-01
9.620211534175199253e-01
1.571777204526517702e-01
4.720858618406538754e-01
7.444559210534523741e-03
6.683696861031993564e-01
1.456391325535543180e+00
1.085816982087608240e+00
9.342971436668447982e-01
-2.577564221405155287e-01
-5.211972208358113257e-01
-3.568674118183113864e-01
7.697787757727097002e-01
7.325419471666605453e-01
3.174274633347343499e+00
