-4.750281731760018222e-01
-1.175762928055385848e+00
5.156475032256675473e-01
7.201203982774885271e-01
9.972000879224079961e-01
5.906322060135469343e-01
-1.693395897192566113e-01
6.862698392850533624e-01
1.862859052027177054e-02
-1.213935056589384498e+00
-3.805023295687456897e-02
-7.076985722188500194e-01
-3.475452077498346060e-01
-8.022954827794888111e-01
1.376365548164366182e+00
-8.982267376821251315e-01
-6.291602376215701398e-01
1.072858817134667575e+00
-8.786376248717309156e-01
-1.091781612796840717e+00
6.149407668780217939e-01
1.619382360343725735e-01
-1.097293857213159196e+00
-2.198593160607911656e+00
-1.837549749884940686e+00
8.344495362635135915e-01
6.891009851596984204e-01
1.260127851200502747e+00
3.183892658535673048e-01
7.751561134848375945e-01
1.811058607041754476e+00
1.025377026605477804e+00
-1.613702501087735275e+00
1.636315903424076623e+00
-2.288671727876060213e+00
1.415461210563424554e+00
-1.406702735625489531e+00
5.980314510560766905e-01
8.297414338014418023e-02
9.437730336529279729e-01
-1.837639880336924270e+00
-3.291206318116988161e-01
-4.822929258695785593e-01
1.326374291274681205e-01
-7.501147037382565053e-01
-3.846862184824695330e-01
3.090062967087596757e+00
-9.409592505092045922e-01
-1.054100571622571758e+00
1.551373396470742794e+00
-1.094345518918689919e+00
-1.651606673536308412e+00
-4.215460105630374210e-01
-1.978706154622334346e+00
-1.240510063967314558e+00
2.930776926327148812e-01
1.291742863721046797e-01
2.659239505296520090e-01
-1.437829666664528272e+00
4.554019725721045186e-02
-2.860438761617092873e-01
1.345998467067244908e+00
-8.851349950437319425e-01
-1.069372662088089232e+00
1.702237786727696545e+00
-2.043381850112134135e+00
4.921405652093229222e-01
7.274696260941013737e-01
-8.485998277242116083e-01
4.530588975717234068e-01
8.738588725909242072e-01
5.440026763937144683e-02
-6.465534333924698451e-01
-1.254906860149521020e+00
1.898133573944434493e+00
-1.506937163950403669e-01
6.191084083114914982e-01
-9.892277741334241092e-01
-1.708180071343525563e+00
6.900031442998434406e-01
1.394559037243427446e-01
1.236496324318237416e+00
-1.439278412962167408e+00
2.147552668763368089e-01
2.192374975461542697e+00
5.226752041151232486e-01
-1.947829240372239479e+00
9.578680840157496323e-01
-1.750367557453302414e+00
-4.909771485359376575e-01
3.432237603448429208e-01
3.174696995906935992e-01
4.991282028228993251e-01
-1.180412546792016792e+00
-9.665639963629569786e-01
5.429506943720293632e-01
1.307763754782867160e-01
-8.173777385730233158e-01
-2.087923219915093220e+00
2.743239279192835611e-01
-1.026012273969584943e+00
-1.036001437382316315e+00
-1.079457683381498168e+00
1.400055312388493345e+00
-1.991582584610221085e+00
-2.482241651405839633e+00
7.499728616433108952e-01
-1.115092583851480024e+00
-6.898916962938452802e-01
2.303497685963817432e+00
6.373679366391300505e-01
-2.387336940458871126e+00
-4.916564408785285001e-01
-7.143835659375485925e-03
-1.911538910645121103e-01
-1.163371356394636180e+00
-1.635298934179490460e-01
-9.232637906114821158e-01
-8.542503730606582080e-02
5.486309837255746169e-01
-2.157404766091183479e+00
-1.465303581106871755e+00
-8.751052351055652601e-01
-7.533062777236654295e-02
9.282821121065928383e-01
-1.333060451585301287e+00
6.123751184891507160e-01
-1.011643367654898373e+00
-1.999101058955548849e-01
9.241167401508106893e-01
3.938511822852032163e-01
5.942619976211703792e-01
1.950330850668195448e-01
7.930042629287055167e-01
-2.342040142269537384e+00
-6.114425296075669536e-01
-3.382336998222763569e-01
1.284932111539389021e+00
2.165496068339849423e+00
9.924966291769777849e-01
-1.795726545543882668e+00
1.541145372679614267e+00
-1.505252479805300858e+00
-4.919983871917287810e-01
1.292282609693567119e+00
-1.058395684695921934e-01
-8.439829937634094614e-01
1.227819294955267537e+00
-1.931917418738454906e+00
-9.480018105481264890e-01
-5.799790886375578713e-01
-1.120460479169592682e+00
-1.164256310636079927e+00
-1.874239383212309873e+00
4.783566021128126122e-01
-4.391401988260061895e-01
1.215751422135355586e+00
-3.891849187411191568e-01
-1.378171706460297852e+00
7.008661603399928275e-01
3.017517487233641882e-01
3.632423024744595441e-01
-1.064449661940887637e+00
-1.760042763095485796e+00
3.010028928006527327e-01
2.539423872129729975e+00
-9.442334913277274921e-01
1.365047910499460171e+00
5.423810248443862170e-01
5.465685767799547401e-01
1.368216353593419310e+00
-4.983732460849836787e-01
2.616219721745692617e+00
1.542357005975616979e-01
2.582894607214500926e-01
2.388046839348316741e+00
2.450959292376155396e+00
3.892262438706778904e-01
-2.530659975636634362e-01
4.562179574556379791e-01
-3.332285753759777425e+00
3.413590339153903530e-01
1.210545603469983966e+00
1.610913727020576447e+00
-1.362957737419617343e+00
9.636053204076654444e-01
1.658715615536103138e+00
-3.493366593979994050e-01
1.573471050605774302e+00
-7.171538785247637549e-01
3.879638534725702304e-01
1.068976053831932893e-01
1.417776640424325274e+00
9.940921366602164522e-01
-3.882153680065609791e-01
3.329008026289185462e+00
-1.687018460661321440e-01
5.892150327683016720e-01
-8.018861058963022703e-01
-1.161065935484409284e+00
1.998332439772204649e+00
7.379304310289760416e-01
-1.139408837619129145e+00
-1.828985528405703276e+00
-1.974395177757274356e-01
1.490166650044001395e-01
9.150142255123853152e-01
1.151701124236135021e+00
-1.374652491889827521e+00
-8.873397489928597226e-02
2.315945328764243083e+00
7.749866268002897352e-02
1.776594636704659447e+00
1.275186357977031060e+00
1.361508766711120533e+00
2.860971220502214196e-01
1.024599362858363005e-01
2.867903390651294515e+00
-2.408286034215819882e+00
-5.719104554150644670e-01
-4.512243917889895428e-01
3.452482792249865762e-01
3.589274442245807273e-01
4.796990877189107882e-01
3.540609656630293034e-01
-6.064847878555210681e-01
1.881664362373644650e+00
1.649665451216069334e+00
-2.819209903248040661e+00
-1.195481428695467807e+00
-9.500132503323869271e-01
5.343186664011170123e-02
-9.472713209773307996e-01
5.509324522270242497e-01
2.683949514363271893e-01
-2.949271140418857629e-02
1.159086553911277406e-01
-1.274223299467068360e+00
3.795237134696515247e-01
1.110733771669597525e+00
-1.446439917156826738e+00
-7.023170761837937981e-01
-2.732382269743777181e-01
5.180508421588501111e-01
-9.268278605938600201e-01
-4.688844193137186034e-01
-1.079514777694837724e+00
1.354477940364418709e+00
-1.859058100243059508e+00
-1.873955602414413280e+00
-9.168819094382855139e-01
2.105797356304300649e+00
-2.773888858057220186e-01
5.346466809291269134e-02
-1.193544025079220916e-01
-8.282190590985564205e-01
-1.872621142633542179e+00
1.263132791515840125e+00
1.437218297706375436e+00
-4.485535009238137416e-01
3.853951522201533308e-02
-1.140594509448356053e-01
-7.400353443406306742e-01
-6.345303665266657234e-01
1.232740025191190192e+00
1.761916842188798960e+00
-1.503818369590745663e+00
7.614705087281447016e-01
-1.049448534099591157e+00
1.420403092206391049e+00
-2.034738445087324876e-01
4.254762855603848593e-01
-1.846643505597987123e-01
5.408864558045356485e-01
-7.276897860281452690e-01
-3.648160070725907089e-01
1.375208672214430550e+00
1.163383840019164062e+00
3.080033453864657877e-01
-1.662510821860687882e+00
-1.429688017267515932e+00
-1.484431477885161499e+00
-4.462338675434071034e-01
1.981683191583558878e+00
5.868221416498220488e-01
2.275996906254423163e-02
1.294220511302004717e-01
-4.360445611939056110e-01
1.560589459876469132e-01
-1.320053920507868461e-01
-7.448567109939313591e-02
1.420315039703861082e-01
1.290012355194172677e+00
1.642005098976693889e+00
-4.584522528752156267e-01
1.167550509602727216e+00
-1.124265716864691900e+00
-1.399950825846963287e+00
2.275195082410504721e+00
1.053877647872913714e+00
-2.305173328885901651e-01
1.610358425700502361e+00
1.927055615057323146e-01
-5.372845674603953237e-01
-5.847094821881158033e-01
-2.092477006644818949e-01
7.633475143591016421e-01
5.888880196551471435e-01
8.711954396827226166e-01
1.594154432735711779e+00
-8.352980773503085321e-02
1.020769373467932173e+00
1.538320458463553031e+00
7.887217782630702168e-01
1.696254360798176153e+00
4.918317629895483378e-01
7.679869066011191236e-01
-4.630168780476873747e-01
6.708513574080349207e-02
-4.867378797690196657e-01
-7.075971783726106024e-01
-8.011935763454044457e-01
6.096012156303093343e-01
1.277194158781063349e+00
-3.007173436645040887e-01
2.749129592646869513e-01
-1.471987741653597581e+00
-5.776406083715359685e-01
