-1.382125046308059768e-01
-1.915557651935339556e-01
7.744467714016516346e-01
-2.359929051077036544e-01
3.697096815422816207e-01
-5.812026004047600169e-01
1.243990701213137484e+00
2.679907171802929922e-01
-1.822497485129853434e+00
3.589166687223870889e-01
2.344866775125051372e+00
5.513410485967500385e-01
-3.305914490863353095e-01
-6.848931523707922908e-01
-4.944699869170116058e-01
-1.097192370852132504e+00
-7.411566648994222239e-01
-7.117763144972757972e-02
-6.002087485340317219e-01
-1.280860295116424408e-01
-1.982465924390077738e-01
-2.733798708608144445e-01
9.212158793839708704e-02
2.405768628866544745e-02
-7.780188071696189089e-01
2.367821887016940130e-01
-4.281408166391020842e-01
2.700332821852654552e-01
5.978697066737969079e-01
-1.248864548536334218e-01
-7.513576389136671363e-01
1.415938381798904633e-01
3.004525645895351760e-01
4.151255604244603603e-01
-8.692284446844369961e-02
3.342069345465674135e-01
-7.082027935616769243e-03
5.239066373516068631e-02
3.458381838571900069e-01
-6.344938008778741034e-01
-3.623126240584945146e-02
-1.429787592327416368e+00
1.110826921877634821e-01
-3.686112512460160140e-01
3.192668532555382743e-01
-7.765581438714894702e-01
1.217153860927428222e-01
-3.220880562831096583e-01
4.307437379846201786e-01
-2.109637975885834682e-01
-7.536720904477458571e-01
6.152183713047824076e-01
2.184782287039176984e-01
-1.202057762849984002e-02
-2.696370950098042063e-01
-6.975934705683613582e-03
4.327301195989495253e-01
-2.095652319893738791e-01
3.910447191867640893e-01
-3.383190228577512837e-01
-5.813251628748734579e-01
-2.224723056797787146e-01
1.581987988299258796e-01
2.000293358042649905e-02
1.129442819196500025e-01
1.413250969697425474e-01
3.213874230674844679e-01
1.406726553535091462e+00
-1.221191182872177983e+00
6.420320690291331234e-02
1.331539679038205692e+00
8.184166708269507984e-02
-4.959171899672619732e-01
1.729796470892185078e-01
2.501413869106935972e-01
3.485496285014072493e-01
8.317176749423104143e-01
9.816201476651061908e-01
4.035835440497306248e-01
6.649748529769855532e-02
-1.522407063066860133e-01
-3.318355093373611675e-01
-5.444468513279051569e-01
6.258753489359629718e-01
2.297831616004168409e-01
6.382960232094105901e-01
-5.478319787641956484e-01
-3.089044992763875785e-01
-5.599027682585377974e-01
6.890184683470269578e-01
2.283528054359771353e-01
-4.312003640806126858e-01
-4.342760905479563505e-01
3.445603517620632328e-01
-3.569626623720775216e-01
-2.014215208646956690e+00
-5.517946273064289198e-02
-6.987339325370698351e-01
-1.620054410319385241e+00
-5.916658486087237323e-01
9.910442053183370348e-01
1.236766739241656587e+00
-4.534896776271743479e-01
-8.726567186740566973e-01
4.806694923687319099e-01
-5.579929357378805577e-01
3.298859231687104043e-01
6.597277530958637337e-01
-4.856133401016842210e-01
2.621845129011481368e-01
1.527733283157481470e+00
-1.335991908562931263e+00
2.688248873483713997e-01
6.807507465049339457e-02
-5.162842877481803594e-01
7.784419325003806289e-01
-2.642160612664783970e-01
1.989631221930637239e-01
1.486995823051338039e+00
-4.393170605353844960e-01
1.313874419748041422e+00
-2.219496132043912717e-01
-7.563249292409779390e-01
-9.285726114570172496e-02
-5.982222244199822958e-01
-3.008062147000126751e-01
3.664309440235507531e-01
-1.755839114624615060e+00
3.374044164173204408e-01
-6.861652346150253212e-01
9.198634129244944724e-01
6.454075052664461909e-01
-4.863377143933678148e-01
5.628233352983691429e-02
9.425773487700122022e-01
-4.877537801178200572e-01
6.042929414673620103e-02
-3.214125656617856652e-01
-1.741893279924180971e-01
-6.196987861340297332e-01
-7.265043229998693342e-01
-4.626617792605116630e-01
-1.616145997556175384e-01
-7.740673648830176390e-01
-4.838185576059382820e-01
-2.138792191012298116e-01
-6.187418778717876933e-01
-1.110185652135635248e+00
1.671277912087696937e-01
9.230198586307092334e-01
-1.033632452827260462e+00
5.659746606357131116e-01
7.355774077346141637e-02
-2.041152177593955064e-02
5.563991551535826252e-01
-5.707983179860218748e-01
8.557003471149564611e-01
-9.308935522498332782e-01
-8.502772391099941984e-01
4.367571029259025295e-01
-7.610947764016537942e-01
7.596145894564672041e-01
-9.121540966319527377e-02
-8.380440294095431453e-01
8.178550205378771754e-01
1.465434325533775672e-01
-1.953013327459423021e-01
-1.540887699898858820e-01
-1.359476912857617625e+00
-5.198286462966192900e-01
-5.491161388730359666e-02
-6.250973096681391450e-01
-3.970369499182945239e-01
-2.359154934897349509e-01
1.639368552105163745e-02
9.607481470219877973e-02
1.446168834652937496e-01
-3.401333518825196967e-01
4.225019255003853447e-01
-4.843060236549332487e-01
4.365805568355529687e-01
-3.908299645890428442e-01
5.187925795854487765e-01
-1.048744821275928274e+00
1.416395873767449132e+00
-7.992139696319733311e-03
8.206345960906710757e-02
-1.356388586372923033e-01
3.141664541469868510e-01
-7.411497380251859113e-01
7.002409861467000507e-01
4.358518226391092654e-01
4.481939557051012879e-01
-9.041795434795258934e-01
-7.769896972821653813e-01
6.560746885087806457e-02
-1.294784054275414098e-01
-2.731143025349231368e-01
-4.781739919148276785e-01
2.459637392424610658e-01
4.989898310482770993e-01
-4.995017426122224657e-01
-5.491299066874504031e-02
5.898166071968360957e-02
-9.911865712470306899e-01
-6.639483614193809613e-01
3.162284469951335275e-01
6.825275283806023774e-01
-6.077431880109931406e-01
8.263590101823531375e-02
-1.411909527926923591e+00
-1.295340792499455551e+00
-5.613028945869145137e-01
1.360952017689182614e-01
-8.424872255758230066e-01
4.869059400893372413e-01
4.096676803943749556e-01
3.346107494289329298e-01
9.865154191305453013e-02
2.590033743120251364e-01
1.182277957333025098e+00
-2.662828835113167369e-01
5.535970905808937914e-01
3.814377981300519638e-01
-6.392328640544916452e-01
1.190881801266215012e+00
3.922848280269176646e-01
3.668774561881231744e-01
4.007382772163732287e-01
3.893485618635031398e-02
8.010416974736989104e-02
-3.160430623815498885e-01
6.847788243097913119e-02
-1.362395052829190600e-01
1.346472951565707898e+00
-6.978513891301627581e-01
7.371777188528996771e-02
-1.443857472404572073e+00
1.115387086280994755e-01
6.799830364338326216e-01
9.747975141435117896e-01
3.647573877286057753e-01
6.977094804340581644e-03
5.436816499399284019e-01
-5.486925852162938266e-02
-1.204805486395072942e-02
-5.727827388362820571e-01
-2.350204452047392478e-01
-3.259036327218177709e-01
-6.039204413305249153e-01
1.288492117919044500e-01
4.052335589537036098e-01
-2.590469043785844083e-01
-4.270738045140369532e-02
1.325447399433559714e-01
-6.529170788171952955e-01
-6.535147956967960470e-01
3.300062044955885399e-01
-1.436249464048179603e-01
9.846195102883825712e-01
2.942879053750244722e-01
-8.717325540966244235e-01
-2.266970520193244409e-01
-4.582984916705275247e-02
5.253842935641243050e-01
-3.828308152830700029e-01
9.229849366113036802e-02
1.140005576821104150e+00
4.959008143129681745e-01
-1.498274990614466562e-01
2.579582694437515533e-02
-2.966450282819903528e-01
-1.090400896218820748e+00
6.695889995143204931e-01
4.025214891376183712e-01
8.878483861631552010e-01
7.096067743865361321e-02
3.239160743670804754e-02
-1.772730482641076688e-01
1.745240048043068259e-01
1.040644238574563563e+00
-7.102915758452824080e-02
2.525877533815992226e-01
-5.554366886379129564e-01
-2.081026644596842834e-01
4.557070688603173658e-02
-5.486172813617021804e-01
-3.318096176561126653e-01
3.864270656265450521e-01
-2.485227624623363163e-01
-1.460958385936687032e+00
5.214680234818275251e-01
-4.963495833823458048e-01
4.949679429146301990e-01
1.858277822632065646e-01
2.733085297958858795e-01
2.127835946275777323e-01
2.663673315158096022e-01
-4.349305392096007861e-01
-1.210990172897538741e+00
3.437304767870243971e-01
4.471026428692136401e-01
-9.842737619945833849e-01
-2.009193110870372834e-01
6.956505232840455299e-01
6.107278687059153333e-01
7.210512361403542680e-01
-1.028295674292560857e-01
-6.869722088313837682e-01
1.591155061692556549e-01
4.196115607420378146e-01
5.162438757291883951e-01
7.784607958944294026e-01
-4.803778259361966008e-01
5.171738817344592176e-01
-1.625207956000858545e+00
-2.919519053397886532e-01
-2.038541235410226138e-01
6.349330971052306039e-01
1.536472891806804353e-01
4.918422290104373373e-01
-7.818822717298112845e-02
-9.052419696949081107e-01
-1.000049093321938032e-01
-8.143839840284401443e-01
-7.263387509369957362e-01
-4.331120448795358069e-01
-6.483784693979841585e-01
