1.252831282145083769e+00
-1.753818015588727297e+00
-1.428658459498052813e-01
1.549853130226847009e-02
4.575065564875197555e-01
-1.389500491287986861e-01
1.407158477197979707e+00
-1.216042541771158447e-01
-1.221935964959052656e+00
-1.289911942531926980e+00
-1.217283342607435870e+00
-1.039627688208247580e+00
8.182781910112971735e-01
-9.004765490084845059e-01
-1.125629632737189967e+00
2.196864515612344526e+00
-1.740571310231705748e+00
-1.777775122068630254e-01
-1.489421351997630150e-01
2.902936185718769102e-01
-1.559664921542577298e+00
1.979585662091781773e-01
-4.675984999745089188e-01
-8.933517183494588121e-01
3.130643008234709201e-01
-5.929983693095451924e-01
8.659408084472761669e-01
-9.869168446147855711e-01
-4.823211190470451659e-01
8.065853651411943881e-01
2.003912519521318991e+00
2.058966080300059343e+00
-6.701011794773430452e-01
5.525026060192846922e-01
1.280987439364521974e+00
1.367644226217989312e+00
2.253710645059533668e+00
-4.606457037022000378e-01
4.602963431133980654e-01
1.136988465116499425e+00
-1.849479328536939748e+00
-1.642321989946142535e+00
-9.953813873359197428e-01
1.298276340496545389e+00
1.902634722165887027e+00
-1.390895138738662773e+00
-2.213684088117555682e-01
1.096473858305957227e+00
-3.586593627851510924e-01
-1.631541531105924703e+00
-7.850083130288787459e-01
3.430884654900578923e-01
-1.325919326000984944e-01
1.397282638767349816e+00
-6.520557249466238936e-01
9.030666715954058787e-01
-9.805917740296092866e-01
7.002965386228915401e-01
1.116494971934004710e+00
1.354577923955352814e+00
3.554850263913084119e-01
8.217098640659283859e-01
3.985638628014780971e-01
4.353545549704539441e-01
-8.161213392286671420e-01
-1.231196811233129296e+00
1.211357314524093898e+00
1.254207673635792664e-01
-5.567940221267770884e-01
-6.205549468283289016e-02
1.138952410952043526e-01
-5.882053823151238703e-01
1.620669907031999646e+00
-4.412629488512975762e-02
2.587282659793933015e-01
-7.387399752745357207e-01
-3.774307217896017974e-01
6.272339461803986271e-01
1.096108382951560323e+00
-6.478230736963870584e-02
-9.781021973496322186e-01
3.700986899737960800e-01
1.258015198262753542e-01
4.899432359526822989e-01
-2.482877618534922171e-01
1.755860452267723026e+00
-3.700432947728321542e-02
1.446702765995465934e-01
-1.439849096449416832e+00
-1.550792658639124744e+00
2.494049971864329418e+00
9.644784928171195038e-01
-5.059099268270158545e-01
1.066136734150566201e-01
7.869285553572225034e-01
5.795946750911079581e-01
7.502676051634775689e-01
9.677156815790761701e-01
3.965653907991569804e-01
4.148490401334302691e-01
1.522036467234107182e-01
-7.874276183984212363e-01
-1.272762893469907119e+00
2.171976881522967417e+00
-3.663101777756237465e-01
2.267714155811059396e+00
-2.182481058544194497e-02
-3.469038290992745299e-01
-1.612508701747254469e-01
6.422908409114980177e-01
-2.259486598014891490e-01
-1.414204903727874774e+00
9.865403572324094039e-01
8.642152028111510509e-01
-3.712456856260010207e-03
-1.914000919209775109e-01
1.227709130484464062e+00
2.110862169050703452e-01
9.701309141507049594e-01
-2.531493943179145667e+00
1.874353608533839421e-02
8.702954838354698408e-01
5.017056052307922176e-01
9.629403576459342196e-01
1.194997988484049617e-01
1.123463951949878581e+00
1.076599154700111471e+00
-8.346927141558921903e-01
-9.331939660650871993e-01
2.639575491302101340e-01
5.692290492806335589e-01
1.620047793070577002e+00
1.732356922989502390e+00
1.549899012517863106e+00
9.216100251055578951e-01
-2.073149225411002050e-01
-4.296742955788948048e-01
-7.844259802342793408e-01
-2.047307327775751973e-01
2.486067138198206461e+00
9.677707227334411133e-01
5.889321639477212988e-01
8.595084230753757826e-02
-3.821894049321387099e-01
-2.173218825346130867e+00
2.236308995635949870e+00
1.384410493284104759e-01
-6.972131459964250322e-01
4.545424918175009488e-01
3.270616097489243423e-01
5.270854507086386587e-02
-4.028149904839575801e-01
-6.886610156687098527e-01
-1.106868145320866414e+00
2.426837244227542101e+00
-1.494095102559167554e-01
2.088285644118373918e-01
6.175229936860038293e-01
2.358395094526607227e+00
-1.041551263923401471e+00
3.600256248598708853e-01
4.543183088539790027e-01
8.844558114158687090e-01
3.243909375467851630e-01
7.791640717309216146e-01
1.208250088216690499e-01
-9.923074285221811230e-01
-1.731884120661585147e+00
4.634370978452037049e-01
-1.060360646229285830e+00
-3.038326673961078139e-01
7.629140461952718666e-02
5.289778048974111968e-01
1.439995510648815369e+00
1.579166691091310692e+00
8.123206055575881157e-01
-5.052307923357279851e-01
-2.308632148599098155e+00
4.278176753608232685e-01
1.846477513912239132e+00
-3.806957584018633156e-01
-1.285630003523630105e+00
-7.595652676764833577e-01
5.606402852434467787e-01
7.901632312798132496e-01
-2.819883501798816083e-01
7.487254763652599621e-02
1.281578104209995517e-01
-3.756188698265716663e-02
7.863197897739864217e-01
4.705513004804128818e-01
-7.191263237215955728e-01
1.145022691661911729e+00
-4.253484501615815705e-01
-4.883075623500830742e-02
-1.126567119647942095e-01
-2.254325429495048771e-01
-8.077081374639156763e-01
-7.416923841107386783e-01
2.724562467444083258e-01
-4.765030043658965431e-01
3.957343683013540003e-01
-9.385854521350235347e-01
9.172618375623742271e-01
1.056071004257084445e+00
7.351803748988181009e-02
6.848058358430879622e-01
-7.225497659357369429e-01
1.847278598473505173e+00
-1.566764895857736817e-01
-6.802544699770448830e-03
3.841699243770262950e-01
-7.681737335214647300e-02
-1.535658924069989606e+00
-5.655979418570469264e-01
-1.284988475131848107e+00
-6.827102860143288710e-02
-1.222209957461002583e+00
-3.324977951274104004e-01
1.876651859457079574e+00
1.657023950261054646e+00
-2.081353244253536516e+00
2.808304464968530700e-01
-4.542525289966130586e-01
-8.780846438233671503e-01
-3.487812058707675522e-01
-1.181556087382145570e+00
1.770948586619756737e+00
1.553605085792810758e+00
7.802564759764626379e-01
1.369846562758308295e+00
-6.842482634637091499e-01
3.374923754994245129e-01
-3.916224632822344898e-01
-3.013228463291922066e-01
2.461929419969072219e-01
5.257598411819128792e-01
1.050443911273697628e+00
1.089805716199042207e+00
1.137349145890972357e+00
-6.571424823900773315e-01
4.158676980403828161e-01
5.209238855368903964e-01
9.060304634241531652e-01
9.868697488773894300e-01
1.488100552110677710e-01
8.640888112320902481e-01
-2.242226199496115679e-01
5.719058838734245032e-02
1.312575449651022907e+00
5.194434188698024979e-01
-6.862063548726505813e-01
2.354029577768556036e-01
4.631953648695813497e-01
-2.412171739010363081e-01
-2.244625914088902441e-01
8.438600032540535256e-01
-1.746319480959993786e+00
-6.624005719127779024e-01
-3.670646592088898097e-01
-6.043850011366442843e-01
1.012755235160304412e+00
8.947068681008525370e-01
-3.172810084833045940e-01
-1.849110520729532470e-01
-3.403354227716954838e-01
1.682921638077599646e-01
9.834492097730911375e-01
2.313168476756275460e-01
-3.101174399238778578e-01
5.927566168243116884e-01
-1.714281199057663407e+00
1.649151108358051676e+00
1.879495395229390464e+00
4.465973978457575266e-01
-1.356353484507006213e+00
-8.292398525621442751e-01
4.861362870380234874e-02
-1.145645341095089531e+00
-8.981388605073032938e-01
-1.377774096185284902e+00
-1.606953474754673206e+00
-8.220269609851884596e-01
4.178857484212000761e-01
4.506088771355893918e-01
-2.192393439014016510e-01
5.611557220842485760e-01
2.432869710556861409e-01
-1.433308601232076374e+00
-1.602200622869562885e+00
-6.516192332262249476e-03
4.499376259481020490e-01
1.421016120788385795e+00
-8.879661018892343050e-01
3.139774913803303757e+00
-9.240207800997893850e-01
-8.641514535191696655e-02
1.311618665382871418e+00
6.339571447717597119e-02
-3.390270612112995519e-01
-1.154595108048693586e+00
2.014919171361205519e-01
-9.579244447172268195e-01
-1.182116063921875515e+00
-1.344495573463436067e+00
-7.453061595135535011e-01
1.284543075707092197e-01
-1.681155831666327316e+00
1.139141279509992888e+00
-8.321571857030708452e-01
-6.251923431091578331e-01
-1.616392066935444516e-01
8.984350037178806536e-02
-1.717544529368540074e+00
1.559034110098335146e-01
2.829676387818075289e-01
1.048466809969759828e+00
-1.392603173166813590e+00
-1.765861299393004513e+00
-2.267566562511579564e-01
-1.186961850842286115e+00
-3.906783854756780139e-01
-1.091356091416021856e+00
-1.835475786147650945e+00
1.221937435444850895e+00
-1.461308432272498958e+00
2.008248165356766091e+00
1.926656073219719101e+00
