3.528958582419667867e-01
5.106563127609937691e-01
9.092815701337431111e-01
3.724271129582144568e-01
-9.693519182636106679e-02
-5.371876935597317271e-01
1.973889781584154401e-01
-6.274533432167412883e-01
4.635819436711866581e-01
-1.517139954181657979e-01
-1.247857589713865956e+00
-2.977363063334307336e-01
1.200694035594924491e+00
7.244750167920429584e-01
8.507134825943341028e-03
-1.108919690776562494e-01
4.143338310658973289e-01
-2.418844618809031510e-01
-4.580491275205054308e-02
-6.367093412597788493e-01
-1.217058258189867459e+00
8.747320661218473958e-01
-5.796824966622939890e-01
8.370360197439984384e-01
-6.798109446191461513e-01
5.491319248589632274e-01
3.608957854920553654e-01
8.759716775287966772e-01
-1.152266346582873219e-01
-8.154859963667200340e-01
-4.157231336474448424e-01
-9.000426210261504023e-01
1.019643379240549930e+00
-6.386451998289065513e-01
-5.670479338750814557e-01
9.279817403722249169e-01
2.465283084745049647e-01
-4.803236318539889638e-01
3.137533593511403485e-01
-4.450263311837514557e-01
1.433025340728001362e+00
-4.795798448561935379e-01
5.627654588520918377e-01
-1.393368295959802605e+00
-6.768918578915690543e-02
-1.541599993884313902e-01
-9.407823995349552382e-01
-1.173341565871156983e-01
2.189911642070224429e-01
-3.323784351296067419e-01
-1.051330283580149239e+00
-1.428536284899189490e-01
-3.629615058220838075e-01
3.963746099226950759e-01
-9.372986366553073823e-02
-4.786017039052455069e-02
-3.676523569243120848e-01
8.066805883568820557e-01
2.740424615922345541e-01
-1.402801170596150948e+00
-5.174033373936408609e-01
-7.188692404988442641e-01
8.434330882526195339e-01
-3.175765214200192421e-01
-2.895216104841530358e-03
-3.419036130518222083e-01
6.049895806830460909e-01
8.401524946190832566e-01
-4.443473526284535957e-01
-3.095213928995692032e-01
-7.463311779838384119e-01
4.469247411256708213e-01
9.508768387605698313e-02
-5.814555318404495132e-01
7.385327336048972402e-01
9.195969729420012673e-01
3.363848434397966880e-01
1.374506325937724149e+00
-5.393384585563819611e-01
-1.469141027923049903e-01
-7.892827756908371573e-01
-3.508132570039705633e-02
-7.742037937204623299e-01
-1.255281821340404669e+00
-4.348018210614325030e-01
-4.682547211381724028e-01
-4.366243355792034375e-01
9.043501974533832977e-01
8.515682848431440632e-01
-5.651546827167955311e-02
3.914146125647633423e-01
1.029094031010267196e+00
7.098314680164866664e-01
5.416374271282130559e-01
-3.661914503368112195e-01
2.209817364960742769e-01
-4.926147637477301111e-01
2.451499058907305739e-01
-8.169077596052642942e-01
7.800133368198044481e-01
9.889243207993375639e-02
4.225966188706443277e-02
4.904420186556860406e-01
-5.402950379528687064e-01
5.442322895363682633e-02
-3.295512473030010048e-02
1.012558650602630061e+00
-2.032134996988074760e-01
7.682492902463617934e-01
1.281442895349812483e-01
-7.458047144799004879e-01
5.569848725586907801e-01
8.627821182443243253e-02
-5.018824767560978728e-01
-6.043772491964196636e-01
2.580883155833475495e-01
1.258587485766610170e+00
-8.571355575301594643e-01
3.154667697246835711e-01
-6.097735507281538681e-01
-3.604415714242121399e-02
-3.692592516388005230e-01
2.961300711627269378e-01
5.312154568799043464e-02
6.124914157259733205e-01
-6.565011425581059878e-01
-3.326349996639647588e-01
-6.735058195353557098e-01
-1.158728120979043430e-01
-1.619820495085730616e-01
-1.280579714348061948e+00
-8.116753035069979028e-01
6.951240400061044211e-02
2.429190577006847818e-01
1.496629875569696622e-01
-1.049114916612457593e+00
-6.003603979485770958e-01
-2.529371918388703677e-01
1.057484176385917324e-01
5.179206127816053939e-01
-2.257584865389573037e-01
1.610540329676971860e-01
3.968680178639028000e-01
-2.430566912446622263e-01
-7.228868904053821209e-01
1.613678342675871180e+00
-6.444182749925131404e-01
-1.352676296989059557e+00
-3.106364178227567496e-01
1.338063993732943713e+00
9.141372911109356680e-01
4.065772359152051707e-01
8.523910534993448529e-01
-3.583837694514998007e-01
2.307814124513412057e-01
-1.648544843455123088e-01
9.384493044961761399e-01
3.103713711744043313e-01
-6.402247693568787756e-01
-2.512257856741830775e-01
-7.795937199050705368e-01
4.614223906453522872e-01
1.008875515953431279e+00
9.546327946751198557e-01
9.584501155145919160e-03
-2.538519811410117621e-01
-5.570265984456332919e-01
-1.126873762757392816e+00
4.242163513686419973e-02
-1.182780651741158540e+00
5.103215309031727820e-01
-2.949503476016704928e-01
-8.212691010409346459e-01
5.466289477164888444e-01
7.787796522855219838e-02
-5.160631135577788964e-01
3.861463259602828102e-01
4.663563495199233300e-01
-2.230221800469893711e-01
2.494077579274925349e-02
1.380361379665311083e-01
1.703592154456107233e+00
-8.540556537416685856e-01
-1.300929531928821881e+00
-5.757386398753739920e-01
2.265929421787172826e-01
-5.053172421692710969e-01
1.091570074566295734e+00
-1.774088490305943955e-01
1.006858823885499049e-01
-1.384299296702995452e-02
-2.885516654662983460e-01
4.545714622828249674e-01
1.647123597241971327e+00
4.897960325348139632e-01
5.536297940776541138e-02
2.004592302841596285e-01
4.304301401527281801e-01
5.900152147386510393e-01
-4.733533046749203721e-01
-1.471477351264325328e-01
4.761678647386023422e-01
-3.267386507159243392e-01
-4.984861231052933883e-03
1.086579906483418206e-01
-5.100523590124066420e-01
1.018729109330875071e-01
1.001325824375189910e+00
-7.213807013046478200e-01
4.997781384228505708e-01
5.706955073052506489e-01
8.455823913880724518e-01
-3.899049694498170071e-01
-2.227494266964625547e-01
-3.213658584120170914e-01
-3.022601935126240091e-01
7.156420022494343058e-01
3.470423620969852463e-01
7.026636643866279730e-02
4.159615063560851422e-01
-1.759661564415043178e-01
-4.233593678160058049e-02
-2.985538496469469782e-01
5.620258136615343680e-01
3.565808863806103624e-01
-2.058631347530351263e+00
3.578347900148461380e-01
7.686523787041860123e-01
-1.437192549807541353e-01
1.142845748925180732e-01
-2.104561793625795429e-01
-2.592473321244199713e-01
4.808821927119008022e-01
-1.490354027207367316e-01
7.348782563848210714e-01
-1.051856361892103131e-01
-9.391744222955000776e-02
-1.172062332810183349e+00
-1.301512685123133728e-01
-3.847824218871700452e-01
1.000923116788302369e+00
6.480978788853597461e-02
1.547512875136851207e+00
-9.029406877457812897e-01
6.266199164920136511e-01
1.983258854693329409e-01
-5.643744483982047200e-01
-3.920789864657186485e-01
-5.564053399402082434e-01
7.883290531201457840e-01
1.308251217105512287e+00
4.469499606764265609e-01
6.030389717661339688e-01
-7.245696962590519874e-01
2.876863959493841660e-02
-2.806020795497776721e-01
-2.320353942180150564e-01
1.131129632971083154e+00
1.701070517052027498e+00
-9.884960200102921313e-01
1.556293935522347627e-01
-3.716054954962302315e-01
2.774222765552095127e-02
-1.869222980274948709e+00
8.560288707833015043e-02
-2.388233715504340104e-01
-8.249541466040855031e-01
-1.351179758224200222e+00
-2.785653791939300961e-01
-7.773770292128677761e-01
-3.893382538882463051e-02
3.786142247916532977e-01
3.839683255047107169e-01
3.315818514648265214e-02
-2.925386475639333295e-01
-5.337585936843595169e-01
-1.133845399869549686e+00
-6.747994793302780625e-01
7.445207049812019307e-01
-5.777764921406696175e-01
-6.027240074157481642e-01
-5.416097999216962222e-01
2.870806574155521096e-01
4.131329228042868174e-01
3.861354310796782374e-01
-4.026346648948497808e-01
1.884869247824869087e-01
1.610398910464972688e-01
-3.104770026194918486e-01
-6.351642624793656100e-02
5.149569326411252562e-02
-3.352697273192692395e-02
9.470865302799951202e-01
-2.805919243416100106e-01
-6.582654584546328014e-01
-3.556228013625559736e-01
-8.702332801943110097e-01
-3.369201793055310312e-01
8.113814419602648487e-01
4.857412994309495136e-01
-1.083495975786130661e+00
4.343626088879509739e-01
-3.726283558114705796e-01
8.541538208323735670e-01
-3.223550176812968182e-01
-6.950533356188673961e-01
-7.095238566825308180e-01
6.355697343707044089e-01
5.139140343009790390e-01
1.031780823476034226e-01
-5.204455690241704957e-01
5.454211940861655172e-01
1.029070406278386862e+00
6.924161590050248449e-01
-6.277559637364947820e-01
-1.591600868646568870e-02
8.160624990424092395e-01
-1.073675210048976814e+00
4.573711969503403418e-01
4.277145606049188586e-01
3.166340354277255575e-01
4.812808990774976592e-01
1.023409184190789967e-01
-1.259050008779200480e+00
-1.835593682608392951e-01
-6.420873544299782187e-01
-3.505831377797588577e-02
1.874408931523053878e-01
