-4.874370810110373320e-02
-8.830394928078769690e-01
4.555161823710371927e-01
5.047155137591839980e-01
-2.822401074973908131e-01
4.762689764696201866e-01
6.625771843341599077e-02
-3.355557174560502287e-01
1.858080920307504380e-01
5.199632861936472894e-01
2.795770432447787224e-01
-7.904201942329229791e-01
-1.110548522010321726e+00
-1.056819620060990506e+00
9.362350545315129002e-01
-1.774641585353417816e-01
-4.402142572641373763e-01
-1.240580464907672376e+00
1.010650518659737679e-01
1.091979226700007910e+00
-1.846272342316507831e-01
2.140908600996072608e-01
2.260407831144969626e-01
3.688752912241852200e-02
-4.502352264588031505e-01
-3.535299557991468111e-01
1.050761824807224798e+00
5.913173907800481910e-01
-1.293621872062221956e-01
-2.968156324659588230e-01
9.032191586918687509e-01
8.541554762386844857e-01
-1.139906076256007039e-01
3.913630803733599839e-01
-2.639158335013709888e-01
-9.921277422371779786e-02
-7.851880270913810245e-01
-2.277662860881899953e-01
6.386554015654133387e-01
-7.996915398316307710e-01
-1.391447204174590113e-01
8.085542544250983177e-01
-1.120032439298691784e+00
-2.548726122076705458e-01
1.109043258587148473e-01
-5.909771487051846961e-01
7.250201855925361150e-01
7.056118882375943535e-01
4.213395832972500754e-01
1.325741337099688444e-01
5.507072874690237541e-01
3.757694871166902817e-02
4.278944698898458077e-01
9.902945477249396333e-01
-8.459471012039147114e-03
-2.773520319766396569e-01
2.049382695948391842e-01
2.121030262938571886e-01
6.357674319487595094e-01
-5.211858561587204841e-01
-1.704838932807503316e+00
-1.918487214633065874e-01
6.497987228754336098e-01
-2.539912444560521454e-02
-1.285270942833894869e-01
-3.603771505809455489e-01
5.182734696477705461e-01
-3.567302623225304670e-02
9.198063625937810128e-01
-6.095233475760080122e-01
-1.658920728552087942e-01
-7.169919944904636910e-01
-4.352555222389946632e-01
-2.063368599079453691e-01
2.095599090675425158e-01
-1.312931530593996587e+00
2.980069514781916173e-01
-4.099877880389248830e-01
9.225161916719312738e-02
6.174612125390053219e-01
-4.775838204255513642e-01
5.661319018016232052e-01
-1.382603635988022051e+00
-8.438623018306756762e-01
-4.837144617876582009e-01
4.270664155161077447e-01
-1.165182403127935223e-01
-5.012391101993085574e-03
-9.404719432656427625e-01
-9.860099381925999107e-02
1.371147499891845201e-01
3.872682695676414322e-01
-1.267187740111518079e-01
5.410290350539748161e-03
-2.895311522455557007e-01
-1.757100992963536723e-01
-2.673697706616862124e-01
4.412830927115390933e-01
-8.227748404535470961e-01
-3.161750405698172950e-02
3.321349834799287859e-02
-2.892217792669031784e-01
4.917958103867099418e-01
-2.654679402924533527e-01
-2.450483890249985919e-01
1.317232306622715399e+00
-3.734623506274953320e-01
-5.743106486430288316e-02
-2.158026867951033101e-01
-1.287303673371721136e+00
3.554128977574713688e-01
7.919932441851119942e-02
-3.940233730550739555e-01
-8.543954422867126031e-01
-2.993973486079659629e-01
8.421270301466372565e-01
-3.557578980921399792e-01
1.532913650282610729e-01
-1.490051525093320173e+00
4.792625907956394316e-01
2.180272361908361933e-01
-5.591729429131084839e-01
-3.377867696948230747e-02
-1.021630137581635012e-01
-5.564946723774307769e-01
6.151110617791215596e-01
-5.731190724359631616e-01
1.100178251654958972e+00
-2.696875817334727365e-01
3.534533863090227324e-01
-8.593114607962742957e-02
-4.959569355930974477e-01
8.407140782076304164e-02
-4.910464980539658297e-01
-2.454911975858249940e-01
8.489947733226892446e-01
5.163855836224253704e-01
-6.121014194616041237e-01
-3.939338647888451783e-03
2.039431218344841812e-01
-9.604811174337594126e-01
-8.188863170933255442e-02
1.085715845826878967e-02
9.682118388408417209e-02
7.450248028654672394e-01
4.854428423363981726e-01
1.006703012763299210e+00
4.368827783080722615e-01
3.690780123899827236e-01
-6.962933176271038915e-01
-7.307340228616768241e-02
-4.760278357409261085e-01
-3.491546335493978526e-01
-3.994212154730836795e-01
1.542868468226168133e-01
-3.294627787777154593e-01
-2.869086428249631796e-02
2.137047548440558498e-02
-2.758492919364403106e-01
6.311128116645337016e-01
3.840727639620056255e-02
2.465585833473727950e-01
8.194368543833194796e-01
-4.941236763650310726e-01
4.265444861198577908e-03
-2.080074377391470664e-01
-3.472027234765401316e-01
1.258964209949283486e+00
-7.977419065084964123e-01
4.463730198635674773e-01
-2.269821675356223367e-02
-1.711591154479542021e-01
-5.143278058392685148e-01
6.647734184937864610e-01
4.447300781052369034e-01
-5.403193689637011271e-02
2.045254200930111677e-01
4.019515977239426219e-01
-7.510878420215986173e-01
3.101821866518131299e-01
-1.712152640250859947e-01
2.133362984949706276e-01
3.073659356156100420e-01
1.920893686646077958e-01
-7.043905761396647147e-01
-6.874112342503269080e-01
3.243076387239042235e-01
-3.461329855450063220e-01
-4.312345220111214461e-01
-7.038128588484930948e-01
5.228731449644998808e-01
-1.927257782365729699e-01
-2.060582877936232848e-01
-5.450966438277944359e-01
-2.249277806240574384e-01
-4.040178207244318198e-01
-2.010127488812278040e-01
1.270536663249974552e-01
7.449092031169499695e-01
-6.284603554295400407e-01
-2.005967960574239206e-01
2.186340312918214901e-01
4.230914197663964704e-01
3.225142319093431409e-01
1.244148407938085003e-02
2.303866541117338684e-01
-6.318877607394334239e-01
8.099483449811863967e-01
5.943578615139195609e-01
-1.355361495716863818e+00
-8.757168108951847163e-01
6.125248106313383456e-01
3.021174111801560036e-01
2.822606176996838578e-01
-9.843675391617536796e-01
-2.730228152181399803e-01
4.033182787534072555e-01
-9.618905083476275708e-02
-2.518620232086956623e-01
1.460686958762088539e-01
4.682969709836597161e-02
3.122271153613814798e-01
1.110333717903818851e+00
-7.508475229465515488e-01
1.274852902401012678e+00
3.049014627922475018e-01
1.373342904611863924e+00
-1.025892106787190450e+00
4.773494918661300157e-01
7.824344160643414980e-02
-7.528055393981275545e-01
1.274834378112789102e+00
-8.129732852539132137e-01
-9.117202633784640131e-01
-8.107827711939075144e-01
4.886877588007126905e-01
-5.556910635509443308e-01
2.219761671643346590e-01
2.540926586650338326e-03
6.946074910264816715e-01
-7.729265030791206970e-01
1.148004605992253513e+00
5.673558905490607707e-01
-1.032303554792958877e+00
1.441484769187893589e+00
-7.970400649504534307e-01
9.964382582480003636e-01
-2.915800560180452639e-01
2.928602588795694017e-01
-4.964551250548914219e-01
-7.416231726981402650e-01
1.672651724221433100e-01
-7.073344388879827527e-01
-2.533616351722944304e-01
-3.017118993915055003e-01
9.049300809923832567e-01
6.625823693490076050e-01
-6.029135107756122824e-01
4.518055811950623113e-01
-3.082508657806269925e-01
-7.396616773341564421e-01
-1.917082168362101435e-01
2.808158579918761943e-01
-3.730505128507743962e-01
-1.507127207815166792e-01
4.389443121615334009e-01
9.172233143471281158e-02
5.045907863452961939e-01
-6.908185792308565443e-01
-1.621980075438209101e-02
-6.668531384439215781e-01
-7.971023024902817999e-01
2.039091608696943503e-01
1.024606427751704185e+00
-5.899621269772407084e-01
1.083368131416600905e-01
9.619936898949206228e-01
-6.720776395162052497e-01
-2.771271070686098792e-01
-5.121549463111455536e-01
8.533588995752368067e-01
1.883169652129646765e-01
9.120550635835888986e-01
-1.101806060658816477e+00
-5.805412741069246874e-01
-7.284944925406845462e-01
9.379883102913377790e-02
4.178526005412639965e-01
3.137189299797482622e-01
-2.090243668246050124e-01
8.741064725697932358e-01
-2.438876906981681802e-01
2.468551238833271988e-01
1.154176400784442835e+00
1.289243900825902955e-01
-4.893812147644263089e-01
1.179487515525567520e+00
-2.199694215675607745e-01
3.460821506340598652e-02
-4.820567448556598578e-01
-7.128937005809692362e-01
9.676000063652221428e-01
-6.852697699001482068e-01
-1.865971511071296551e-01
-7.963641819135529598e-01
-5.929087571027297221e-01
3.888277035835820961e-01
5.262636935578826058e-01
6.544421661331706330e-02
4.263049853776235132e-01
-3.092531465996933293e-01
-1.090153282217809216e-01
-6.173159291000601678e-01
6.015474002088506689e-01
-3.034320585058168929e-01
-1.480352200184869849e-01
-5.694864718393868319e-01
-1.324393723792037514e-01
7.691908196097732020e-01
5.778449395724958304e-01
-6.592469809437420114e-01
6.898892608155132722e-02
1.879185214775061230e-01
-5.848740432203429762e-01
5.200474242589542273e-01
1.792628910471773251e-01
4.600901453377849726e-01
-1.662514094035917545e+00
