-1.603173044235490785e-01
-2.145122065388589405e-01
-1.949747820763513551e-01
-1.596914781331968403e-01
4.254377175340253725e-01
-4.989836886651504155e-01
3.168065031867431935e-01
-3.718090894786849065e-01
8.011261536137342931e-01
1.025178888795518217e+00
7.137272541111615576e-01
5.669093671101508303e-01
-8.239187324206282970e-01
1.262382046592643414e+00
2.513885273723573399e-01
-1.134054402453447130e-01
-1.155845783444597874e+00
1.936554576793696247e+00
4.061632496811167226e-01
-5.973078176462801592e-01
1.958543402305367720e-01
-6.757130980936152387e-01
2.426942517255203380e-01
2.326839991511016892e-01
8.886527694950586698e-01
1.216299573920503363e+00
1.200766533972348560e+00
-2.729599629282158380e-01
-9.790622028586635356e-03
5.249511598781589905e-01
1.373988612047225555e-01
6.579032693790027864e-01
2.352759821648514882e-01
-7.197959475021166176e-01
-6.300504145254334221e-01
-1.045440920257089124e-01
4.274245161049105568e-01
-1.426498129611293297e-01
4.839307088561642378e-01
4.422240331359347798e-01
-1.035430933523109776e+00
-1.289707004464557105e+00
-1.415631974215092015e+00
4.042360818565967628e-01
-8.067727925535692624e-01
7.891792224395476063e-02
1.039996269779309035e+00
-5.667478610291806218e-01
-4.338424830114536723e-01
6.056287379258457060e-01
6.511183428254736505e-01
-6.593946254324967171e-01
-9.094796426945277457e-01
-9.774691973395983613e-01
-8.962792171197327962e-01
2.906825153768124448e-01
-4.194351379340298669e-01
8.934151331543150887e-01
5.818141998961139372e-01
1.489741766544951052e+00
-2.924045818003668251e-01
1.452838747827958077e-01
4.009822209948523675e-01
-3.237914101784418186e-01
4.702391177029042191e-01
9.781953453404610421e-01
-2.142589720499834538e+00
-1.017964034690221342e-01
4.846879392467605685e-01
-6.474547207094677459e-01
-6.501210275403768168e-01
-2.675430780595508540e-02
-6.022853279622066847e-01
-1.372633487237863714e-01
-5.351396583041334587e-01
2.190692217170668865e-01
-5.293001527819841678e-01
-2.332844638138062421e-01
-4.263714607567521964e-01
-3.625862554438993857e-01
1.536698560754228060e+00
-1.758603928572890496e-01
1.370060075798801569e-01
-1.008627627626394185e-01
-9.824416363920007722e-01
2.113428075915171900e-02
-1.200379853524108587e+00
-1.915765530286726581e-01
-2.919683479418633265e-02
6.838536850730456695e-01
-2.523364729600403589e-01
2.951908211593320952e-01
2.136284728683003342e-01
1.197826044571115967e+00
4.896134489625479369e-01
-4.701189850388144409e-01
-5.487418512372249646e-03
-4.446164248172642663e-01
1.503959856706475473e-01
2.613238932488209931e-01
1.085790838129984781e+00
-3.790804980416496300e-02
2.178399022665921669e-01
5.720623543688974078e-01
-5.507007458747115169e-01
4.701132324864719658e-01
-3.144025298945108959e-01
4.762295265126119670e-01
-6.302904043156093428e-01
8.425804770178344505e-01
-2.839414358853874498e-01
-2.538956421996007573e-01
8.806088800267235228e-02
8.176542799184888244e-01
-2.588576106819002742e-01
-1.330528222143622097e-01
4.514496870762584879e-01
-1.190867463302261176e-01
8.634791179443408460e-01
-1.098594921641190991e+00
8.169398123770476028e-01
4.041227170657213930e-01
3.203450825823351833e-01
8.623773234729357196e-01
-4.419982403566156681e-01
1.031252550415008296e+00
-8.803660542715761039e-01
-4.136580560058245593e-01
-5.257603455961009642e-01
-6.647640426064852504e-01
7.640568008015899970e-01
5.336952370164218529e-01
2.108699189724516365e-01
1.958771839860787289e-01
7.602970434568697700e-01
9.244992967618507196e-01
-1.339555561781788084e-01
-2.384420877909630143e-01
1.366490715309676141e-01
5.135072433454185292e-01
1.546210949624692021e-01
1.247621926511307822e-01
-1.157185533376285491e+00
4.410057439951445835e-01
-3.590078859677030554e-01
-1.529575772310664439e+00
6.831176175460917932e-01
-4.028954786334251192e-01
-4.090484023910209155e-01
2.178452527794451643e-01
-1.709519193404438961e-02
-2.817529566980642164e-02
-2.053069044495516859e-01
6.795685684847827535e-01
-6.343528918005535422e-01
-1.349139072310093779e+00
-2.116623889448980278e-01
6.835460535692120532e-01
-3.434685344072733321e-02
9.424514025317978771e-02
-1.479777131303124937e-01
3.385412892928155726e-01
-2.175934286436119469e-02
-1.025871643105826125e+00
-4.349667759866594485e-01
2.403135104312778270e-01
3.176728860437227908e-01
4.654656438480773151e-01
-6.679124701118810403e-02
4.491016714001974108e-01
5.819166021770325603e-01
-1.730709111423067270e+00
2.789357371982543188e-01
-1.723451954973393707e-01
-5.573052468472513565e-01
1.050132224659151792e+00
1.888762876723909523e-01
-7.602861980989717994e-01
-4.168619481660795767e-01
-1.048318592833666907e-01
3.990009346301849891e-01
-2.702948569899763509e-01
-7.652983767579391028e-03
2.080467665150062540e-03
-4.165456967985499415e-02
2.222897908645054821e-01
-4.638803575299472737e-01
-1.495705460166846523e-01
-5.632415887884845151e-01
-7.569941177770379559e-01
5.892467801707020891e-01
-1.184121250484371002e+00
-2.325398359532770964e-01
1.028501976328537876e-01
3.428424238072476093e-01
8.510645554132664770e-02
1.139368521244969346e+00
-3.437189823980315584e-01
2.786925698342529456e-02
9.588897822255305625e-01
-4.240116246209588713e-01
7.139220592064590143e-01
3.959119429057226802e-01
7.300311361259300691e-01
1.621627134790861180e-01
-1.880574665323524464e-01
-3.809193236410339245e-01
4.028083828300780267e-01
-1.164185814431625832e-01
-6.653414813916447290e-02
6.571544797725848985e-01
3.139124075805568292e-01
6.591831851570244538e-01
-4.181221642243442838e-01
-2.595836270519362721e-01
-2.985185327465235128e-01
-3.026564941098108252e-01
-9.999462822923234351e-02
-1.268204086751111015e-01
-5.550543584400504660e-01
4.911405806712563771e-01
6.963799332023395960e-02
2.707111516798930140e-01
-2.251494998907124789e-01
-3.961326113357720169e-02
6.162458856883434866e-04
-5.640832348300375831e-02
2.228637829539587556e-01
4.573428471370724058e-01
-5.887817137385645827e-01
4.773702149712702458e-01
-1.048735334402598252e+00
1.614162369287584081e-02
5.646407424667344577e-01
4.292553160271762036e-01
-5.068063452454560913e-01
-3.743482566456777239e-01
-5.605917899318124675e-01
-2.624769486132638718e-02
-2.364854947987605760e-01
-5.482143641410468504e-01
-2.550821753240601342e-01
1.250850366273510983e-01
4.563207666344910041e-01
-6.636403769577510214e-01
-2.339896194501963622e-01
-9.780949575651225469e-01
1.848949612519901475e-01
-1.198904871683795115e+00
-2.081710812205051775e-01
2.534129902668485479e-01
1.660971993810760328e-01
-1.627556555035352959e-01
-9.277704216007842675e-01
-1.249721410921341924e+00
-3.964156120157883434e-01
-2.724125962817990909e-01
-5.789054234030226453e-01
-5.260245815533913794e-01
1.779701850927839279e+00
-2.060087086817697366e-01
-4.451435671338747069e-01
8.016821315313368834e-02
-7.803689873348984563e-01
1.131937012130307119e-01
3.318306446848949265e-01
3.735893197243016495e-01
2.188702395527042932e-01
3.732127779484972763e-01
-4.336611042314186260e-01
2.902470814362783647e-01
5.804802911791752118e-01
4.279113354866391772e-01
-3.863427908477414241e-01
1.082273787430404255e+00
-1.659221601791138756e-02
-1.208894838316263154e-01
5.465594047898229002e-01
-1.614191233950870163e-01
-7.784814336439476179e-01
-6.895862657377939131e-01
-1.509083536672398695e+00
8.710066571910674016e-03
1.053000644741339947e-01
3.964118228701496438e-01
-8.458015843684720814e-01
-1.499150652126818584e-01
-1.690098076151390905e-01
5.491867183437103561e-01
1.562536448799453304e+00
6.250660435345622989e-01
-5.524676457826689369e-01
-4.375075068581358861e-01
-7.965866079054856330e-02
-5.850365273635875496e-02
1.082891162514983269e-01
-4.753555439619601697e-01
2.561723551439468727e-01
-5.679899006982577214e-01
-6.740720692309107309e-02
1.468700839865622887e-01
-1.319000617972608536e-02
1.590242150595688742e+00
8.923476833353459481e-02
1.425664279997795880e-01
1.360330213931901566e+00
5.542498368300843303e-01
-1.285206615559911114e+00
-7.735653197796523717e-01
-1.645749689383716463e-01
-3.924079528559876739e-01
-1.955038301255432598e-01
-5.133604153941828674e-01
-3.290279524173034820e-01
-4.719434526727923629e-01
2.840247409575605286e-01
2.025821603271325266e-01
-2.047798368002357039e-01
-6.030956368372509813e-01
1.498065233016265818e-01
8.326488572026126411e-02
-3.133526848160311795e-02
-4.814141291213666074e-01
-1.035312618551433417e+00
-1.702950597529281351e-01
-3.947900028171875686e-01
3.228783460706641240e-01
2.935185879374620499e-01
