1.008437156262041556e+00
-2.357646902986255899e+00
6.867709022796258944e-01
-1.134961627760432190e+00
-1.194809961906024398e+00
1.196100828755523038e+00
-1.376505196183197555e-01
-3.172681221311083877e-01
-7.312505614243158814e-01
-2.248767677351690253e+00
1.158340967508124375e-01
-8.533159351636991907e-01
-1.607175497402366871e+00
6.480095582093750028e-01
-1.863756561320584204e-01
-3.985867828068488938e-01
1.070694750395982497e+00
4.812191574468951405e-01
-3.348599802247232415e-01
-1.255357729604549277e+00
1.462538859295856586e-01
-1.902181451440090321e+00
-2.363897306570361123e-01
-1.364741945960740610e+00
1.025886215575037008e+00
-1.635017249678833773e+00
-2.142529330281242317e-01
1.184214174363102945e+00
2.081112103990461759e-01
5.227483347133443647e-01
9.509757005143137931e-01
-7.449889635578084146e-01
-1.401925607760559744e+00
-1.003720229916618800e+00
-3.178277807256257859e-01
-2.562870548276742211e-01
1.219888991940153877e+00
1.439515081760349924e+00
2.862203780845332668e-01
-8.211744658686501719e-01
7.352332541333881366e-01
1.096768662967282593e+00
-2.135753245315356708e+00
-5.448390817060333458e-01
-1.338500955093516964e+00
-1.039496902583395777e+00
1.222363155196688034e+00
-1.402161702008319688e+00
7.640523111191300787e-01
1.400244867802088233e+00
9.843450121042969236e-01
7.306892837063397872e-01
2.709753698222823748e-01
-9.614774767415615875e-01
-1.036896544705235623e+00
1.413578786946913191e+00
-8.206146709618425406e-02
7.422428852025584334e-01
6.121567320280999480e-01
-1.158044734787018637e+00
3.323603206428091261e-01
5.252223584330830697e-01
9.983902137879857586e-01
2.496763082350496266e+00
-4.924085531465609566e-01
7.967816684423920659e-01
-2.695894367133296332e-01
1.194803247482044695e+00
6.254873807689640408e-01
6.820169918496116201e-01
-1.396482513391151370e+00
4.935337014857781868e-01
9.185238405010852647e-01
9.394099335187562350e-01
6.771292875721870441e-01
-2.587229447349999600e-01
-1.922506840357201541e-01
5.045020381666108777e-01
-1.374840182447614467e-01
3.899208282487721111e-01
-6.604967105676056160e-01
4.549510181543177656e-01
-1.494133088010827226e-01
-4.936926008706896130e-01
-5.970972776425222950e-01
9.865457611477070898e-01
1.700379477187474730e-01
2.670660271892588700e-01
2.341642185883199834e-02
5.568128262169511622e-01
-8.809288704461744057e-01
1.187543134615339113e+00
5.477520887899616220e-01
-2.455242434044898836e+00
5.839972963859825228e-01
1.693813308037640519e+00
1.348149203218357295e+00
2.309305645960096909e-02
-2.107622154268971926e+00
-2.339690937353478439e+00
-5.727039501642299246e-01
-1.280164162981783038e+00
-2.435936270405628656e-01
-4.031110319397765984e-01
6.016338685343948223e-01
4.947820496035493232e-01
3.904174763788947899e-01
-5.043266444581628871e-01
-1.126791258808671259e+00
1.312527637758413412e+00
-3.307793267793565084e-01
2.660942905167114347e-02
-5.735033675508320883e-01
-1.330398954500220388e+00
9.923622939116446551e-01
-1.679058556811432013e+00
5.313422315189318956e-01
2.589081676906136442e-01
-5.400447239414000178e-01
-3.063534606727860155e-01
5.011409318108945854e-01
-9.510359500372026487e-01
1.942262472582018118e-01
1.037648205788539002e+00
-5.431526648050908346e-01
5.980494616365724658e-01
-8.123702552931788556e-01
-1.660320348652775779e+00
-1.894750398616577292e-01
-1.250910256832805434e+00
5.407173139474386048e-02
4.420820141786472868e-01
1.380141561405356376e-01
-3.081966540874747640e-01
9.072928149962253830e-01
-6.514261396721318098e-01
8.579340066971519185e-01
7.682931024113492935e-02
-6.541803535081359700e-01
3.512913321059892180e+00
3.651688714400406766e-01
1.398059052961895254e+00
7.626248317623824935e-01
-3.654976931988558331e-01
-1.075194108333916709e+00
-1.685625880457645609e+00
1.460166552750430169e+00
-8.135544863135980576e-01
8.387183856312578900e-01
-1.747376560072280816e+00
-2.593475477372908511e-01
-2.794426244511373891e+00
-1.687872844844212183e+00
-3.903501076050356899e-01
-5.722541640100973215e-01
6.437202610804790837e-01
2.856416170297378931e-01
5.200159950257146058e-01
1.963731485790208176e+00
-2.684734145565458974e+00
-1.205897133490096973e-02
-2.363564848694813758e+00
2.316116083115945246e-01
-1.058106143892630913e-01
-1.011095964813369941e+00
-3.274888820275626555e-01
-1.864428368139444681e-01
1.065377224337649587e+00
9.722906066155670435e-02
-5.593073799532051193e-01
7.746002971011863858e-01
1.084005894003991388e+00
5.123884828611179332e-01
-1.898583560153109806e+00
1.144113954481238871e+00
-6.894392641862080451e-01
4.397191109133413711e-01
3.057858976784666449e-01
1.577295849052501975e+00
3.331755391614375506e-01
1.796614330432849405e-01
1.152592977866792268e+00
-2.188236061466492188e+00
1.648981948761595984e+00
1.383370478240202095e+00
-8.521415176893594179e-01
1.897138048390263343e+00
8.078373807657706074e-01
-9.597141171435725759e-01
1.460269963195293563e+00
-6.442768817147036531e-01
4.206111475084541862e-01
8.041673392128839692e-01
5.606082539248281593e-01
-1.482982680582781931e+00
2.378091484766915176e-01
6.475861144778681799e-01
2.004520657362912850e+00
-1.305062658451364155e-01
8.539766438264499993e-01
-7.037909801402151277e-01
-2.343456559689574448e+00
1.089119187534017263e-01
7.842269451505355926e-01
-2.010481290416378908e+00
-1.186206650563033538e+00
-1.666234564947016050e+00
1.573292532053269133e+00
5.032207616865279620e-01
8.513751186404640015e-01
-2.231793987012126168e-01
1.053029428935235989e+00
-2.801928307202692370e-01
2.638156705961619553e-01
-3.408205590396867768e-01
-8.326749848932525344e-01
-2.157360542121230518e-01
1.737695990311139138e-01
9.530060931944199787e-01
8.535491609288551329e-01
-1.915736498379106312e+00
-1.740986967784314610e+00
-1.282969014168562905e-01
2.480295475083600099e-01
-5.227926229068413644e-01
3.001477824835292463e-01
-1.028791116694494301e+00
2.653175120729608372e-01
-2.978303055933412824e-01
1.215042554438197087e+00
4.581711855332852301e-01
6.944162709780298259e-01
1.933466843795748347e-01
4.523860788874208838e-01
-1.362920405054830253e+00
5.005577100227378562e-01
-7.359516344008086852e-01
2.301715404753717387e+00
-1.329322126957023009e+00
6.442116968147247602e-02
-5.694755022143366263e-02
3.429399404794133965e-01
2.023462875791071536e+00
-1.459048519459295035e-01
1.455381908382999079e+00
-1.287198104862577352e+00
7.874227951798947744e-01
5.675947474740767884e-01
1.709926788403962061e-01
-2.656848838844521943e+00
1.353807410762674523e+00
-2.981067319767186641e-01
-3.337903256784879868e+00
-8.981730986275264783e-01
-1.252552930086629601e+00
-1.214799108050800491e+00
4.541746732134686049e-01
-6.741439511304970766e-01
-9.820111757995287904e-01
1.059611429137498950e+00
2.578168620495790986e-02
-4.474040657517309172e-01
2.039890232210887500e-01
-1.481006048437699896e+00
-4.258265878227203705e-01
-7.408962668534855300e-01
-1.248041908242852605e-01
-2.468571473045397813e+00
3.907624455660156926e-01
-5.383369187724571514e-01
4.883172302822076372e-01
-1.040381841626230264e+00
2.759479638595121465e-01
-1.187526631899075591e+00
-4.607445298014626323e-01
-1.126732761592247778e+00
3.728195161598961693e-01
-2.899088662378479508e-01
1.540585735282375079e+00
6.574573662648970362e-01
5.909700174838891096e-01
1.283596988055530908e+00
-2.678868625408462600e-01
7.903861353573011783e-01
-9.366280032192422222e-01
1.103458720370567026e+00
-2.660631144710307594e-01
4.615052915827327906e-01
9.242642883299354017e-02
-2.071326725105708810e+00
2.848423121346797537e-01
-9.726197280237203202e-01
3.652683261444498175e-01
-9.592878686908955510e-01
5.429120967822450572e-01
-2.201403782566073719e+00
-2.844293911539208519e-02
2.048199323344662981e-01
6.425513948193984914e-01
9.504526714169099222e-01
1.377704229715030759e-01
7.305141931344822925e-01
-1.549762888715590536e+00
5.589457914135009808e-01
1.085381502343136351e+00
-8.503293948132873981e-01
-5.305259442479520748e-01
1.334844719866430829e+00
5.155604958842906482e-01
4.708887233692281016e-01
1.023426050948218702e+00
7.146229926150722278e-01
2.930728165521085504e+00
7.021441815213367299e-01
1.050624263962432581e+00
-6.653764291176048062e-02
-2.036763715876999115e+00
-1.625139676746768236e-01
-6.822576766053185526e-01
-1.472370465497193359e-01
-1.708769329403709292e-01
-6.316873149887071159e-01
-1.473237362001085016e+00
-8.103509253188283523e-01
6.133484238130262334e-01
-2.150224442939162872e-01
3.786131825529722716e-01
6.703992591495423481e-01
