-4.893276823058418379e-01
2.071302781193440357e-03
-4.779998934533423172e-01
-9.005344096511404273e-02
-3.253018133176820426e-01
-1.897192924275647175e-01
4.858720887102384589e-01
-1.839031165325632489e-01
1.628230381293495066e-01
-4.670881288488953342e-01
-1.079133030036974888e-01
-7.016732966052480203e-02
-8.157387263021143031e-01
2.822674046261398062e-01
8.527426491556893140e-01
-4.200038598024518621e-01
-3.431505639956566878e-02
-4.047142478862251203e-01
-1.033330474932612653e+00
3.012252035035964948e-01
-6.823650587510852183e-01
-1.354888534464825378e-01
-8.165820685858266037e-01
2.056296949638036220e-01
-4.402008668160205529e-01
2.182945461655926567e-01
1.064985940130033670e+00
-4.607817020951119336e-01
-2.877931989001307200e-01
-3.009073877961469801e-02
-5.871300670139669720e-01
-8.553553784410836136e-02
9.286327974677431873e-01
1.068944605775613343e+00
-1.374995939971301873e-02
1.093776744916429955e+00
-1.771120352873993206e-02
1.079016358906341733e-01
3.822505163471124345e-01
-1.247287467897134849e+00
1.134665774756816070e+00
9.712613598950760041e-01
-5.689328383112747245e-01
6.611345776635335625e-01
-4.354504941757544878e-01
2.719834643932185214e-01
4.282436626356169174e-01
7.441894274032131995e-02
-7.532023678207055983e-01
3.992815369299089756e-01
3.405370482754004335e-01
-2.353851096203859239e+00
3.077226184113531215e-01
6.194013877874209317e-01
1.587874191269378343e-01
4.712400098517356417e-01
1.048308108146201789e+00
1.413796670728249827e-01
2.395279805361666958e-01
2.399238097960692540e-01
-1.083134490958377605e-01
-2.128308250658023093e-01
-2.469627068302431283e-01
4.225937051983802983e-01
-7.520119583392783635e-01
-9.508558500829483728e-02
7.320019571320803831e-01
7.929981470523068676e-01
-5.486120725947306598e-01
-3.525556279699491591e-01
-7.287410797463236833e-02
-4.779697134708455475e-01
7.217884002842658298e-01
7.661466764658081408e-02
1.501804242369125797e-02
-7.053541340171314289e-01
-4.161428289290802773e-01
3.704949496618077376e-01
-6.140604211621152331e-01
7.184953197983564577e-01
7.173272963038275218e-01
-2.612844390630702507e-01
7.851812626231868819e-01
4.930454970492760824e-01
8.073750062249064330e-01
7.958239493387242458e-01
-6.143234902275216403e-01
3.405050045884213672e-01
-2.115732280746073501e-01
-3.745235434286963150e-01
1.359900214365890592e-01
-6.564332286164312746e-01
-8.180809029826222600e-01
-7.201467668839337533e-01
1.411588701522943357e-01
-7.770361263167748778e-01
6.776854781312765530e-01
-4.982939172010305007e-01
-1.108214970510247088e+00
4.520958769836225799e-01
-3.690308401996301724e-01
-7.015283769366609246e-02
1.039539132842857594e+00
1.805350727409006303e-02
-4.780404474956828076e-01
-2.879554852517381414e-01
-6.528745100081030373e-01
-2.748094770258407982e-01
-9.179190381194420878e-01
-1.541241902683618270e-02
-7.585170345722003216e-02
-1.837203715978238949e-02
7.140828072036011775e-01
-4.255788848243516331e-01
-1.372547555209886194e-01
4.079326437178635301e-01
-1.153557490933480034e-01
2.195237830795480349e-01
1.570592151820175975e-01
-8.139300133701330431e-01
1.034108702516125966e+00
-7.363942112153218922e-01
-4.231404711614739633e-01
8.931966096303387559e-01
-5.173863406689992450e-01
-1.581113095795730339e-01
-6.134378924110389653e-01
1.012225592583499312e+00
-4.290909081973485750e-01
1.189975009676420142e-02
2.381394426607014170e-01
7.558769098668673969e-01
9.176354162035694761e-01
-4.709199448460803517e-01
2.479288476402319308e-02
3.744447428460645488e-02
-4.216635240159040121e-01
-2.965487235733901827e-01
-8.237371492653254856e-01
2.075226580304873614e-01
1.717460002803121444e-01
4.223782738491748678e-01
-3.382175664095258272e-01
8.874638109600776481e-01
-5.207278403142846512e-01
4.331731317163310391e-01
-5.227347775184340017e-01
5.176608219741167805e-01
3.409447078260959274e-01
-4.414856247295169400e-02
7.188679970334632685e-01
1.401770286253962994e-02
-3.724616537886733525e-01
-3.411519996507842434e-01
-3.282493182449617297e-01
-5.381463611898902322e-01
-1.511363252370138688e-01
1.074954275714136376e+00
-9.370268507938293023e-01
-6.166336642464552709e-01
-5.218843527524179571e-01
-2.925298870458112876e-01
7.502104851238452499e-01
-8.346393445328600391e-01
-2.201890895819345051e-01
7.130288903402395295e-01
5.853664352413118221e-02
4.850093409487014895e-02
7.543169870034541757e-01
2.468004143745244905e-02
-3.726366726999894574e-01
-7.339245321178148318e-01
-1.478494866249369100e-01
5.206685148463217061e-01
-7.836821481151361457e-01
1.071396835592775126e-01
3.328204666166340031e-02
2.127861323249003456e-01
6.469309733227234238e-01
-2.408539451384142382e-01
2.542068641691280773e-01
-4.074413037588744402e-01
-4.731846485104412858e-02
-6.548411108412566239e-01
1.451098282821426944e-01
-3.281033268256411950e-01
-8.198042322830767503e-01
4.853675604034951574e-01
-3.969332130823196025e-01
2.434147737648414411e-01
7.480366671718187595e-03
-2.662145302728691210e-02
7.314642037875640490e-01
-6.352669538524338133e-01
4.386066928097205331e-01
1.558913458783588724e-01
-4.002855279973902558e-01
-2.926957795723740818e-01
-7.565747843993869681e-01
7.787583586463784346e-01
-9.367867185725510248e-01
2.728009444289244412e-01
-5.514627699290427509e-01
1.045141153944390555e-01
-1.991889354062017781e-01
1.488146073489763355e-01
-7.260725052525688339e-01
5.452326709789817594e-01
7.314334073253075941e-03
-5.728868895338787848e-01
-5.566792518469954043e-01
-1.465400157830855088e-01
-1.515092916121436595e-01
-1.023082842828004907e-01
-1.163661597165577044e+00
-1.225139823859908050e+00
1.341778172947047487e+00
-4.155142742243039811e-01
1.166224343222725501e+00
-1.244205990520327876e-02
-1.695842019079045748e-01
-7.742874373536168253e-01
-3.500609126110089120e-01
-1.478690997201910218e-01
5.569561458648956132e-01
-8.788785078273622098e-01
-1.788984095219904091e+00
4.347145095877196774e-01
1.902587359298802683e-01
8.617457396216354759e-01
9.279388037245597243e-01
-3.512906726400116808e-01
-2.270600733945309091e-02
1.675757417912575875e-01
-1.068375670051998183e+00
-1.084075529997049758e-01
4.085764914279633730e-01
6.515170185442314965e-01
-1.386574217844752932e-01
-1.640313538507718771e+00
-4.862485012109601379e-01
3.441347743530553394e-01
1.130340707562099284e-01
1.806330406793130061e+00
6.398804077123232403e-01
2.470810812065284412e-01
-1.260615084693968713e-01
5.373125617986995728e-01
5.011445724948946495e-02
2.733002175754197793e-01
4.539116285363627157e-02
-2.377406217324790627e-01
-5.867270766338572585e-01
1.235905042742741211e-01
1.052910326988611311e+00
1.119259655926291064e+00
-1.135978446518636359e-01
-7.117621987539812789e-01
-1.390452739798602733e-01
-6.902280668366660432e-01
1.031596325166268091e+00
5.968609836466004515e-02
4.043611367996905459e-01
-7.616547763903205315e-01
-3.378068441636332131e-01
5.220591300873902441e-01
-5.131975078656633715e-02
2.849562330629203943e-01
8.266011262691243255e-02
-4.412424102830545536e-01
4.652368693128927646e-01
-1.080715091017840246e+00
3.235586859240509039e-01
-2.535391919391898757e-02
2.136262047961080546e-01
-1.486387099904346698e+00
-4.100132908357776440e-01
2.945532462301892473e-01
2.212384937562026643e-01
-3.247665154939421983e-02
2.562673054289257846e-01
8.797032026752473755e-01
-4.181009031806111054e-01
1.941585153225989790e-01
4.601384913671013877e-01
-1.660797686345988344e-01
1.334268882668252221e-01
1.989838312891335725e+00
1.315948461785441115e-01
1.926967232797890950e-01
-3.284343099657002218e-01
-5.242377367883253036e-01
4.322248388088020810e-01
-5.866839187451750037e-01
-1.858039817040859076e-01
-1.028493275161818321e+00
-5.616381505983897293e-02
-5.558244438067626580e-01
7.070954896006866885e-01
-1.029952662748482295e+00
1.937698146053447867e-01
-6.136800101381556516e-01
-6.420369952805052849e-01
8.100442193164192339e-01
2.197870262329459368e-01
-3.937331104078606869e-01
8.258618410141553567e-02
1.072458611858499722e-01
6.767881925683985611e-02
1.768128620741890034e-01
2.007733561444869919e-01
1.513009726552320411e-01
2.251188367464783679e-01
1.688635778484313121e+00
-5.550175894239408603e-01
-3.060598249849904029e-01
-8.363278665479387808e-01
1.494896121972421055e+00
-3.286065487452594081e-02
9.259594887832478527e-01
4.210848079600112981e-01
5.506106998994564350e-01
-1.514835695505700741e-03
4.701548404170742268e-01
1.465954432472422464e-01
6.259379695195421700e-01
-2.597928940600567338e-01
9.799919465289937959e-01
