8.665920718803964418e-01
-6.151017567489064364e-01
-2.025847227478554946e-01
-4.457972172317291593e-01
-1.365556193928292861e-01
-5.178955726075461508e-01
-7.365013015783792305e-01
-8.018991311541785461e-01
-1.759500404589414146e-01
-3.581808195105851134e-01
-4.866183516592188507e-01
3.563579967501294687e-01
-1.137826517422663386e+00
2.463300473971160864e-01
-6.978273381813620002e-01
-1.058820011859433974e+00
-4.205565978364645963e-01
8.467005109911559524e-01
2.152552072771715952e-01
-3.373454808588480791e-01
9.790414502241052697e-01
-5.801481887070375487e-01
4.591346358619067258e-01
-5.402601512116104177e-01
-4.006360496722434217e-01
-3.428045336281038136e-02
3.783857170498714506e-01
7.042793889611151381e-02
3.024502390958678233e-01
-4.631285935028973677e-01
3.826153689448353878e-01
4.847180083476712031e-01
-1.329623188868779282e+00
6.216397689422360484e-01
-2.313479593023607395e-01
1.278529760624331102e+00
9.641740127752780332e-01
2.831135931569179753e-01
-3.504404621027065181e-01
2.900781526657069120e-01
-2.621756644484073973e-01
1.202882242962370618e-01
-4.669409409644794673e-01
5.112041142288537010e-01
4.841867672952656632e-01
5.300285142759057766e-02
7.611412507377118830e-01
1.355670641595676518e-01
-7.757358993048483198e-01
1.206722188935748369e-01
3.023317691811754360e-01
2.497271440682540672e-02
7.414901137784950524e-01
-2.534218939032162887e-01
-5.066183972490427845e-01
7.634952412151899126e-02
-9.028707680588689000e-01
9.186118299787139618e-03
7.976905573173754815e-01
6.651431114154994217e-01
1.256334691579452933e-01
-6.670714259284338254e-01
5.520302144564177560e-01
-2.934760913902717538e-02
-1.881882829660986300e-01
1.034173679820375336e+00
7.557911302796230246e-02
-2.297703721688108824e-01
-9.389309954825595383e-01
9.540748530891496326e-02
1.215228409146088762e+00
6.239747123747908519e-01
-4.759226004651739839e-01
1.823500881747767699e-01
-9.754206942127684465e-01
-8.199065797877653772e-01
2.725824587246912789e-01
-9.952877540057156747e-01
1.085207649526217510e+00
4.353665575926360942e-01
8.262111388437380910e-01
5.017146596168318290e-02
5.786282623653163371e-02
-2.522021597653806291e-02
5.944565777049100053e-01
-5.362934081645336359e-01
8.502386813389661846e-01
7.048586520490872642e-01
-1.009139318323086787e+00
7.588006648751012273e-01
2.990774702543428920e-01
-5.790758467840558810e-01
4.504387486614137570e-01
-1.098981100038818326e+00
6.636542941057477218e-01
-4.902411158034590821e-01
-9.397952644711440318e-01
2.319280513939458999e-02
-6.228598816793410320e-01
-1.517081164835070994e-01
6.012418245701766084e-01
-1.372524154697052912e-01
6.073941672392695335e-01
-7.397287796882802136e-01
-6.371708532243295364e-01
-1.234150167179572266e+00
-3.852761218541533861e-01
6.736966284781900072e-01
-2.517918536559186904e-03
-5.827519573846001721e-01
3.736641440042142159e-01
1.122178077474045965e+00
-1.171739855142484715e-01
-7.774919618258202547e-02
6.270728650054703257e-01
-2.464115991784281146e-02
-7.000537936728821187e-01
-1.301939881554287526e+00
-2.363356165534237774e-01
3.904997914447578822e-01
4.777198301564217764e-01
-1.168627213139588061e+00
1.244624080792657850e+00
-3.779200131321577283e-01
8.104686529113700466e-01
6.623314880907811286e-01
2.636236433721230177e-01
-4.477859421855219790e-01
-1.016688189447855356e-01
2.332185644602584873e-01
1.160452091291158228e+00
9.445642565827305770e-02
-7.906124339352261776e-01
7.974810552941409281e-01
6.148214144916339663e-01
6.344446861559851492e-01
8.064287929441529279e-01
-2.433219911928020118e-01
-3.662205387940589696e-01
1.435028871965531305e-01
-3.464815143839263811e-01
-1.910448068093289764e-01
-3.302440652075967487e-01
2.440824778797200667e-01
8.603448292059956426e-01
-3.905503004895742869e-01
-1.444156803168562542e-01
6.897728818777179027e-01
3.802464280297052079e-01
-2.566053985975458307e-01
-7.325773098190186960e-01
4.805191485785204053e-03
9.582416644656921445e-01
8.829214883907011979e-02
-1.615671508628786779e-01
-4.730744999257852079e-03
-5.337525972135727104e-01
-8.021641407483403041e-01
5.090827989728394787e-01
4.485714003556637852e-01
9.998389087296823963e-01
1.203202705735994638e+00
-9.526725667686775090e-02
8.043715434498064365e-01
-2.115620819745814285e-01
8.423864598402133752e-02
3.658451309642914429e-01
-4.139268361330358248e-01
8.378600542046313326e-02
6.356147669767024944e-01
1.167278112179407801e+00
-4.631339801061030714e-01
5.982697728948348503e-01
1.000315231548022377e+00
4.516559210329116336e-01
-4.927611875048424905e-01
-4.052977142491485663e-01
-5.390148355076757047e-02
2.705817174901542499e-02
6.743057012172859466e-02
5.408866989672835857e-01
-6.398354744192362720e-01
1.176338153229115197e-01
7.254706107156095873e-01
-5.210280922694157102e-01
-2.859390178785753411e-01
4.915350743361406732e-02
4.168885152503088443e-01
2.184419865251112092e-01
-7.567171385955147045e-01
-5.060123596934648083e-01
7.499209958014689814e-01
-6.218491206647777658e-02
2.209776012622091557e+00
-2.807267707282642966e-02
4.829477779127293036e-01
3.680702948190963109e-01
6.286473232279373713e-01
-3.250383778501717558e-01
3.415430137246050490e-02
1.297311782335859864e-01
-2.447275876981082066e-01
8.302663368897650331e-02
-1.139539664011202547e+00
-1.484328059210646839e-02
1.170340631852647473e+00
6.824595609388847128e-01
-5.729804279641173004e-01
-1.794402076192700979e-01
-3.579863567007005587e-01
1.135067224623349302e+00
-1.016579799776442528e+00
-1.582224764121529237e-01
-2.818470628237714770e-01
9.348257101041181905e-01
4.414953389568800901e-01
6.155158414838223235e-01
7.776027113635705090e-01
6.760969553774488494e-01
-1.362513818511331021e+00
-1.100865053235836388e+00
5.136635172417141071e-01
-5.108580699317130103e-01
4.775052834060597995e-01
-7.559458897113681131e-01
-4.841518352568541239e-01
-6.123736506410766278e-01
-6.471532618846167484e-01
-7.041361977523199478e-01
7.109445598997686799e-01
-9.176527973223176371e-01
-3.163981592644561358e-01
-1.366524349937692007e+00
1.584628270593105015e-01
4.469656975817902500e-02
7.729821678050995404e-01
6.731288605336729902e-02
-1.159062428330077804e-01
4.746592636396625431e-01
1.055852483357365701e+00
-1.368625557914461499e+00
3.361928013417847527e-02
-5.211090630887714736e-01
1.377375513663344209e-01
-5.063019300266946576e-01
8.704514935147511512e-03
1.281616647846539614e-03
3.493363755612545196e-01
9.077098649586624601e-01
8.834107364747647573e-01
-3.901738576204575454e-02
8.933337326116674859e-02
4.595975024781870921e-01
-3.474680578043626289e-02
-9.065367304349494781e-02
-7.234886016840651468e-01
6.316218525298489261e-01
1.653982242122337132e-01
2.427379897194591463e-01
-1.695023997569489849e+00
8.657812684242491841e-01
-1.468447316749545428e-01
1.261215068074566847e+00
-1.907681314046563714e-01
1.865287356222634918e-01
5.050892355278441270e-01
-3.067585576803171787e-01
-3.756148041627441203e-01
-8.356514786089245250e-01
6.793777047048508155e-01
-3.206102592662161965e-02
-8.262478801923381355e-02
-4.153735840333249718e-01
-6.824343618203272399e-01
5.499029207877832448e-01
1.739712010239581330e-01
-1.699738902169506405e-02
7.174194621915991332e-01
6.148203186630246675e-01
2.186980609648137008e-01
-8.891019101749807474e-01
-9.892847129594760647e-01
6.901858216440931448e-01
1.554529940945616751e-01
-5.638632272386814304e-01
3.888273393559203983e-01
-3.089819970823713402e-01
-4.958592251390894767e-01
8.599581649027185359e-02
5.682784962214498803e-01
-8.238205501005460007e-01
-5.088482223507048152e-01
-6.555207031328986744e-01
5.571708765461010904e-01
3.867849873314949116e-01
4.532091585147926538e-01
9.901680427336351231e-02
-2.044180385510933617e-01
3.123486671114920898e-02
-7.950967184537620636e-01
1.057211646044861730e+00
5.969617241080306114e-01
4.134275668497289780e-01
-1.315253204250230734e-01
2.965367382952786568e-01
-3.149672981048894371e-01
8.397582320701106884e-01
-2.225201206268773435e-01
9.573375803681840601e-01
1.438400230416755909e-01
-4.728417692981716769e-01
4.168134608053082335e-01
-1.207114369595142289e+00
-1.446880692636306476e-01
1.032024343865833416e+00
1.940979800084600693e-01
-1.548389150200611963e-01
1.026009847547584730e+00
-3.118762920063156141e-01
1.679274647724412761e-01
-1.147184688319892315e-01
4.791271247245315612e-02
1.123264606033947954e-01
2.575564112113984949e-01
1.572619489748000032e-01
-2.847578242936261161e-01
8.314306824808839202e-01
3.242054163117572552e-01
