3.330869948538959235e-01
-1.056133710011894378e+00
1.763910036738416953e-02
1.210747908452616928e+00
-2.482969212142509541e-01
-3.764793220335732604e-01
2.938357536474773823e-01
6.697419975943942339e-01
7.907858916807566363e-01
2.625198715328873611e-01
-3.043283287851402674e-01
-8.407507533368229202e-01
-5.536517708458185139e-01
-4.202012875358043797e-01
4.394926429925167799e-01
5.254379686493708679e-01
-6.739706423501783394e-01
7.666929610980757204e-01
-2.971554433803314521e-01
-1.501175678439601979e+00
-6.082062229041275137e-01
-3.756826686650748814e-01
-1.525910018060752105e+00
-1.123018335678879487e-01
1.458032670810966103e+00
1.274679404635084001e-01
1.611462829020371412e-01
2.249765088536379021e-01
8.108755209728226721e-01
3.838507497700545112e-01
2.255088175629245129e-01
-5.561252088488876089e-01
6.360527422256693209e-01
5.958455649952007493e-02
-4.488598577565588998e-01
-1.585276748839020977e-01
-6.108813778693047425e-01
1.070024467229009346e+00
-8.902286535138832502e-01
1.015533866439615185e+00
-5.505675166134016418e-01
-1.135660927217696070e+00
-5.917773083373579768e-01
-3.051515420710116389e-01
-1.755796409068350883e+00
6.312138931186935809e-01
1.559023879825333359e-01
-4.835630370882486040e-01
-1.534259773775166757e-01
9.072927444141860587e-01
-1.365718096891318289e+00
-4.018810021004936006e-01
-6.554214665825304209e-01
-8.171129845357107957e-01
-8.982394700486422412e-01
-4.745023858799172212e-01
-7.321680229951774699e-01
2.152163489050397116e-01
-3.009076279605079479e-02
-8.213048972038008433e-01
-1.272867089470858804e-01
1.292712749339228195e-01
-1.244289249874835912e-02
1.720176832662133337e-01
8.892553957337214765e-01
1.065040014470767793e-01
9.600516992582736053e-02
-1.227232470845120771e+00
8.603429553096633153e-01
-9.371501380787392588e-01
9.093445807403379710e-01
4.461469540183499172e-02
1.301096767645604502e-01
1.632557291349681527e+00
-4.472256510666841600e-01
-4.584070483860347434e-02
7.917014555434782608e-01
2.133129173677477675e-01
7.803796749548250755e-01
7.578319823745360839e-01
9.667680185808346094e-01
4.520791170777927470e-01
-1.122875973004671124e-01
3.645185811682338101e-02
4.296760739698362030e-01
-6.421088966452886959e-01
-3.947370818658476610e-01
-6.705779329994165927e-01
-4.220147250704691100e-01
-1.381227439712235938e-01
-1.372377248249799786e-01
1.234206279238511117e-01
3.299031852055877567e-01
8.350733267062531162e-01
-7.251296476205776331e-02
4.204406735074289747e-02
4.153485421936916056e-01
4.037744031062093231e-01
-1.338899486473880351e+00
2.999244805761955290e-01
-4.177740831155385415e-01
5.269853020201356042e-01
1.621956880510190824e-01
4.684074902231192827e-01
-5.039933469827898582e-01
-7.548459050770491841e-01
2.133531001252115256e-01
-2.481434148247921301e-01
-1.951641379649415586e-01
1.284546905334687183e+00
-3.566704510452214927e-01
-4.442064845050128219e-01
1.130285664999307466e-01
-9.210980396967060058e-01
-3.375771299821378468e-01
-2.577260057596490461e-01
1.460424035686165578e-02
-9.488853817842896055e-02
-5.011182602970182254e-02
-9.016625724266424946e-02
2.258527069881005045e-01
6.221014155417030622e-01
3.381474691520323234e-02
3.552681088256375297e-01
-3.987134074614418489e-01
-5.156128866605235173e-01
-2.183634743712603854e-01
1.397211263327112096e+00
8.045993801653034128e-02
4.703917988781699533e-01
-1.548799433407782866e-01
-1.660875181876145357e+00
2.163506231012141123e-02
-5.346670373551674071e-01
-5.716017090500175035e-02
9.619388279439516909e-02
-4.355217947963526681e-01
-1.889767748133142633e-01
9.686210319220023290e-01
-6.481157909106749493e-01
-1.164847515672940759e+00
-2.172500229382884618e-01
2.369142160962558197e-01
-3.751794469946722055e-01
-1.839165693671478419e-01
1.150741057610963486e-02
5.864805330174398534e-01
1.440838987057568854e-01
1.314942865176164766e+00
1.708944043897679954e-01
3.235512071176444016e-01
4.271304606121604230e-01
9.513566411499615461e-01
-5.910790801149314877e-01
5.734012767726552884e-01
3.375019551746986646e-01
-7.034511341093576675e-01
-1.435595126666973087e-01
2.820727833654044225e-01
1.788079089473642580e-01
-5.823696394033233137e-01
-2.036600661461882844e-01
-1.881398584261325113e-01
3.311224561603186567e-01
-1.523273473632251740e+00
8.449133672720285926e-01
-6.493182923732435663e-01
5.159146534738821011e-01
-8.675016923062452978e-01
-2.407701671697845547e-01
5.288076546846159909e-01
1.337870993257345431e-01
9.041131130559955098e-01
-5.411365107898897797e-01
-8.130411207492820314e-01
5.470968286987030194e-01
9.050447860690389312e-01
-5.044771083308863258e-02
1.082433183605804983e+00
8.292366315773116447e-01
-7.500884041355554421e-02
-2.876952182644241240e-01
5.500601051608989822e-01
-1.132688534962032895e-01
3.631908327681174220e-01
5.356318609812509290e-01
-1.622270227725713276e+00
1.046205906216777448e+00
3.821595650354006057e-01
-4.981124986678894251e-01
-1.452080847439504996e-01
6.878684513508293019e-02
-9.113224676094258125e-01
2.512204723581792920e-02
7.680726134989276366e-01
-8.032202179808936027e-01
5.659797448965833144e-01
2.824525354981596847e-01
-7.438223916431708771e-01
3.759845400256657810e-01
-3.062600743118233382e-01
-1.106279193576073405e+00
1.167727673384552495e-01
-5.465680593417553412e-01
-7.733418516032488643e-01
-4.011805673165006469e-01
-1.220086764857938100e+00
6.294742930710818252e-01
1.646991943198343189e-01
-8.315956482889571566e-01
4.929130037645024220e-01
-1.918705349693938800e-01
4.503054008418340692e-01
5.749896707008059771e-01
6.385417695617247036e-01
-9.008595098238743049e-01
5.438841804995333540e-01
2.064834877904908050e-01
-3.588693715254246963e-01
1.075200859315826429e+00
-1.348754568597586134e+00
5.104221844712990563e-01
1.187212055400913568e+00
6.269672884395751655e-01
-5.039660417583040619e-01
-1.157159288467614733e+00
-4.762652728680644709e-01
-8.104611044023052324e-01
7.034588877212949454e-02
-4.871090746984665376e-01
8.472884943742290398e-01
-1.684935048793049783e-01
1.229236413445542908e+00
5.283403654722416132e-01
-6.608420833291934748e-01
8.899413085595053730e-01
-6.044828238613368931e-01
-2.725618663244956663e-02
-7.430023033468832749e-02
1.019066958392747413e+00
-9.244686214340379626e-01
1.626385860933619032e-01
-6.481319671891604406e-01
1.289064984364692856e-01
4.876064938361902024e-01
-5.467260945022438534e-01
-2.594208612474567799e-01
8.423079643213535750e-01
9.860100706799939108e-01
7.263789147475776531e-01
-1.084683752173811522e+00
4.929176748297743327e-01
-3.801114067613837744e-01
8.059846704228031955e-01
7.808921364050466218e-01
9.061691850391280223e-01
5.113093199032934244e-01
7.618255596805824370e-02
-1.306183621931152672e+00
-8.702562304445593533e-02
2.943142118837264176e-01
6.543870173290189385e-01
8.886471881169917542e-02
8.380015391423616400e-01
-1.293247448610014949e+00
-1.357032498665803111e+00
-2.376121851852649458e-01
1.015219401638166818e+00
-4.913140831915430162e-01
-2.514245919756710190e-01
3.003983031966453443e-01
-5.390325371571238477e-01
-9.452513331334213564e-01
-3.735512220498494740e-01
-8.837915759615366795e-01
1.207927505024260384e+00
6.874916684411717105e-01
4.913803490486121084e-01
-3.462254688835991190e-01
-4.727314147395112465e-01
2.746565816585300884e-02
1.292869463178664358e+00
-1.783520017635925603e-01
1.236862219640237459e+00
-1.087544697508993741e+00
-1.619505494927069578e-01
-6.807930014052022694e-01
1.084787268264191251e-01
-3.870715726236942378e-01
3.241883529034175759e-01
-1.387354333615519741e-01
-2.136491635297038116e-01
-1.320012511389628829e-02
4.416690141891547738e-01
-1.071586064815862049e-01
9.166288205685679813e-01
6.131197016434107860e-01
2.474080554237984286e-01
1.909706512841295167e-01
1.899179366861091789e-01
6.714663024057502261e-01
5.140979115270984112e-02
-2.928436662540291890e-01
4.155524594522859161e-01
-1.997743775847534153e-01
-2.708979907494671879e-01
-2.417506481719606803e-01
-3.878809437591035358e-01
1.009828563431248161e-01
-4.889818780534557763e-02
1.241645380615086780e-01
-1.057583348453364214e-01
2.225628057712709107e-01
1.938777738230830772e-01
1.039605802007441543e-01
-1.033412252902756512e+00
4.793265741025878879e-01
-2.066998345088641442e-02
1.699251530399203070e+00
3.609533272300097240e-01
-1.353539799868073434e-01
-1.798431906461260832e-01
4.790834022202440923e-01
1.302668714911043191e+00
3.701592126637307523e-01
4.056739125307740057e-01
1.391507881629842902e-01
-1.331784288931295857e+00
