-6.969213757923952146e-01
6.678187068670901061e-01
5.917401046375619922e-02
-5.476821104961615561e-03
-8.880986434922204520e-01
4.449652160762022080e-01
-2.005384457663970665e-01
6.250222710700906736e-01
3.442361837993299645e-01
6.492494222857045916e-01
8.234428795031714099e-01
-4.826256927133569519e-02
3.121663288151370341e-02
3.505784748023923481e-01
-5.645680285385812347e-02
3.317047171507424563e-01
-5.002635707000382403e-01
-4.603399179640166317e-01
6.626584495696508093e-02
2.805233595615240771e-01
1.175692231149010891e-01
-3.278743689697020958e-02
6.723222054629682809e-01
-3.633301380826390314e-01
-9.519934512212627209e-02
-4.567800172410760862e-01
8.433389695559627697e-01
7.188760512737313313e-01
2.746034777477486255e-01
6.728782361140001056e-01
-1.566282146738185443e-01
-2.270912030555400918e-01
-6.445195940608611229e-02
-4.012195573924268732e-01
6.037043778244142178e-01
7.066154708096773485e-01
-8.217323840419905601e-01
2.997792797703857648e-02
3.150684704290443450e-01
-4.922811284132858067e-02
-1.013940243832025967e+00
-1.709619080682180381e-01
-3.760150304686617484e-01
7.384890004344938363e-01
5.497718065149818922e-02
-4.790427898251295447e-01
-5.230107752763125673e-01
-3.265840918901318224e-01
-1.301120686087340106e+00
-9.643627704764560216e-01
-3.556964111701261810e-01
1.551459109587050689e+00
9.182846996869142853e-01
2.150095444411869172e-01
1.568156989602864371e-01
4.368409161777861427e-01
2.841325681120034918e-01
2.318354151649108519e-01
-7.227596229062348554e-01
-6.922131710116155578e-02
-1.310099813821172354e+00
-5.818786304093878092e-01
-3.548818723657392038e-01
2.377869125210118895e-01
2.926083625303244062e-02
-2.523143859827556984e-02
2.544755243186340166e-01
1.109821351670527978e+00
-6.225864218712626741e-01
-8.600329658627501317e-01
-4.988435480317588433e-01
-6.226561714596642316e-01
5.495474650417196960e-01
-5.774882132813058400e-02
-6.751885257286917019e-01
5.312575336145597404e-01
-6.323261794256598289e-01
-8.336508351357920787e-01
-2.460226992491915295e-03
2.066168637497435290e-01
-2.385654734265816035e-01
-6.472788198519907610e-01
4.161194206743755453e-02
7.688554586837326177e-01
-6.577085652432367036e-02
2.153180099215696586e-01
5.468391618900647622e-02
-1.645458741318461815e-02
-1.504548118080785701e-01
5.087972351446885810e-02
1.204241008237210364e+00
-5.369507029597890835e-01
-3.637273762148638401e-01
-6.753159483256457873e-01
-3.410844802158363720e-02
8.884721778559132033e-02
-1.099022338471273841e-01
5.526644898914344628e-01
-1.022419313863950213e-01
-1.615378430889818251e+00
-1.891501073868116500e-01
-3.521396829619666269e-01
-4.476544274020057279e-01
-5.380781776388623427e-01
-3.788457593740860441e-01
9.343648266667344826e-01
4.781132396332443690e-01
3.044044620140109458e-01
5.749349339011409210e-01
3.940240800453210790e-01
-8.627002498840702360e-02
3.331274579660226109e-01
8.437667706830065395e-01
6.840058958913924902e-02
1.481049736750582324e-01
-3.896592794802833382e-01
4.919859502086846859e-01
-4.928629217022270081e-01
3.308929342137240104e-01
-6.441320029024497629e-01
4.939281674392157484e-01
-5.618557160275005069e-01
-4.296544828377189540e-01
-1.146696267881316955e-01
-9.271279000595072928e-03
-5.323720479035816133e-01
-7.470127646639812546e-01
-6.237951076172292275e-01
-5.477077233217301222e-01
1.374480732693900809e+00
2.417983447107309170e-01
3.747051229186910692e-01
-4.833003206230748749e-01
-7.372437897568562271e-01
1.345897295283842721e-01
7.574714531117446858e-01
1.344505938092715458e-01
7.547523591792210107e-01
4.236101432917572795e-01
9.692313677105426351e-01
4.119331573173951044e-02
-2.649404787268967998e-01
3.713019418262251681e-01
-2.930553400881621973e-02
-8.930441064889045322e-01
-5.684102572986238222e-02
6.522378869395966117e-01
-5.686479568088503855e-01
-1.889850391817778086e-01
-4.669492286456511931e-01
-4.540782058262801124e-01
-1.974404148936907688e-01
-5.324078467208033238e-01
-2.348186642306933636e-01
4.825523170692070929e-01
3.389487856291275580e-01
5.971853748414212015e-01
2.975335375336244370e-01
8.619578240315617368e-01
-3.972217427432386261e-01
-1.213152484566562439e+00
-5.506006218713670464e-01
4.405283686927844999e-01
2.636649707707282575e-01
3.186137210775655260e-01
-2.827740102423761392e-01
-2.199012418787280876e-01
6.736067565440692073e-01
-2.558840149754438853e-01
1.355097132647556935e-01
5.466777433380484719e-02
5.400642928343857285e-01
3.077668083068050842e-01
2.504082414370799037e-01
6.944051910435072861e-01
3.405057028790858809e-02
-2.288563499571337756e-01
1.144836636891386483e+00
4.808133589790896112e-01
2.862571842351480100e-01
9.466139371744866082e-01
5.048770647933313871e-01
-4.792214938683361236e-01
5.519521245764306139e-01
-3.660734719216209299e-01
-1.011586151745922812e+00
4.934080744878790448e-01
-3.058921912184607295e-01
-3.053973623782123559e-01
1.947035606523091489e-01
2.258769259290184794e-01
1.672040584626569848e-01
-7.358846290024131376e-01
2.989901427343195084e-01
6.006900762406491845e-01
2.402983461596253090e-02
-9.340473895276055760e-01
-4.063894096185101668e-01
6.454846418908288808e-01
8.973863340114685005e-02
-1.187011967306426330e+00
-1.493609955307589887e-02
1.340616375855563147e+00
-3.933489744937184174e-01
-1.031546982798850820e+00
-1.288742944426669312e-01
1.093721030290691232e+00
7.981967074822741148e-01
-1.195990569676539828e+00
-7.648333666928335273e-01
5.750594128802049010e-01
3.019665469870416175e-01
-2.728475269031654937e-01
-6.439380588871033984e-02
-5.190659048394396374e-02
-2.432251966535383947e-01
-1.860240733355443543e-02
-9.821440215906719340e-01
-7.790020256890570205e-02
5.762015769913532148e-01
2.107336649610940249e-01
3.982645884173132700e-01
-4.975678892598179859e-01
-4.863643508363370005e-01
3.107282626250843505e-01
3.655535011818978886e-01
2.536881344125038185e-01
4.357609403680542948e-01
7.033753477132764775e-02
5.270543611086330182e-01
8.097872481219499097e-01
4.396222502330411341e-01
-2.890556563459215772e-02
-2.583559709424430584e-01
-2.143012375548547510e-02
-9.873955698269628600e-01
-4.031781028973387970e-01
-3.092730435491380936e-01
3.098177057416863500e-02
6.191161219609472854e-02
-5.403398338392723099e-01
-1.593189325486460417e-01
-2.443094369730755555e-02
3.028526283465710067e-01
-5.514750695755447074e-01
8.631057210021850223e-02
1.802472170489984038e-01
4.742301262695647335e-01
9.043264492708452673e-03
5.209865469330213772e-01
-4.035362719671051895e-02
-1.616135721997052466e+00
8.161115914484626810e-01
9.364712285653192803e-03
-8.789117150595713301e-01
-1.667610550193597274e-01
3.176125804775630640e-02
-2.077697046081948828e-01
-6.968515474776715291e-02
9.133822064346658332e-02
4.550605693293104936e-01
-4.919027605486048227e-01
2.986230652459311297e-01
-4.583712389897093287e-02
-1.919287219026241109e-01
-1.191748317166336779e-01
4.338732390082220003e-02
2.303409190616127478e-01
-7.013652728983181817e-01
-5.624662742138345634e-02
-1.615629374966117970e-01
4.196300553728996019e-01
-7.973782824499254795e-01
-8.475050200247430388e-02
-1.279471555949399431e+00
-1.381798852964404078e+00
-5.442031512198683973e-01
4.909492409009696967e-02
1.120544971722410077e+00
3.159383255782671762e-01
1.294345896002067342e-01
-4.812183683051060035e-01
7.970685080343314910e-02
3.624014932419549195e-01
-3.204301506254704779e-01
-1.001879871786038656e+00
-3.057406032272997898e-01
-5.966311478766161969e-01
5.084876445586621330e-01
-1.719501766301008150e-01
-2.560630400949958640e-01
-6.771055043077084390e-02
1.478870445914343967e-01
-6.996187857221585205e-01
5.050205766142795705e-01
-3.111929165613118164e-01
-1.544053255500532851e+00
1.065238392871485251e+00
-6.787000877352051820e-01
3.907386023484216708e-01
8.241805870651235377e-01
1.047939368190697440e+00
-7.925199620235314768e-01
-4.044374440998440567e-01
5.724308329352545887e-04
7.572658238549911935e-01
-7.500574054212101327e-01
2.062564980828729133e-01
1.007662310686120666e+00
-2.428771181971995374e-01
6.719065694949932777e-01
-1.886153547104060801e-01
-9.635683830161804186e-01
1.113064242549496763e+00
-5.565112938589786284e-02
4.928421445867802175e-01
8.601085881123005095e-02
-4.829795162079662529e-01
-3.110160415515830779e-02
-2.993945929080866764e-01
2.038839680506171759e-01
4.480005150240710110e-01
-3.332032603114387648e-01
-9.577492115611272450e-01
-1.184467455700061178e+00
8.706233206106709366e-01
-5.394948685826202184e-02
9.942923602776951308e-02
