2.651588307758344643e-01
-3.154333192953216458e-01
-3.868189696659969368e-01
6.134360994520213772e-01
-3.541212909319062518e-01
7.717037944487359358e-02
-4.446823910181417205e-01
-3.443064216463480598e-01
7.382228958148667752e-02
3.095903942580539581e-01
-6.650760928715483411e-01
-1.146775616471455539e+00
-7.596993814448291804e-01
-3.924525864534559871e-01
1.270211502497146761e+00
-5.939835876571765150e-01
-9.953352215778868417e-02
-5.763265657958738242e-01
-1.236611200855649018e-01
-2.479723368226686153e-01
-8.384744755687736362e-01
-1.241325201030120395e-01
-8.490780393006636118e-02
-1.445346167790947600e+00
4.357325738063437814e-01
5.702247640909616777e-01
1.884067135012710836e-01
-6.949505064241822128e-01
1.094893853242262377e-01
1.831857031684979153e-01
-8.754188916799456877e-01
1.436592550350362707e+00
8.373164747170029898e-01
1.175232069734223783e+00
-9.957564185129724743e-01
2.538382972975340990e-01
8.813173269199104931e-01
-1.155228177440126291e-03
4.721686070950808500e-01
4.838689187436148176e-01
4.339160337864023109e-02
3.532639598858731134e-01
1.559937125747471010e+00
1.455558824196413747e-01
-3.578766693926515585e-01
3.519563136128206482e-02
8.073313854863291283e-02
2.465075090426145643e-01
-8.246048321104807455e-01
1.401379569873591469e-01
-4.280005684609235472e-01
1.056344898548964517e+00
-3.595095284763349941e-01
4.436203235910252674e-01
-7.707752925587569859e-01
1.219910791042219778e+00
1.170692608573073112e+00
-9.363640601189667789e-01
6.893132235287922072e-01
-6.323346198950408059e-02
4.855103632046759987e-01
3.793082561125554752e-01
1.053919556700995686e-01
-6.983763299636245314e-01
3.715804428148162808e-01
9.970525828077466679e-01
-1.086098935367403540e+00
-5.164425488809707421e-01
3.937067035077024268e-01
-7.990384061447368680e-01
-6.845499753690047484e-01
3.499409276245143419e-01
-3.445050112559180366e-01
7.415425334979048877e-01
-1.802548954289293071e-01
4.227600883910663243e-01
6.742114902613652316e-02
-1.020221370737706357e+00
6.297755315190756153e-01
-7.545633519636881781e-01
-2.012224721715384912e-01
-8.076467077878586309e-01
1.561907955593115349e-01
-6.110959023005306801e-01
1.347315057075931799e+00
-2.628925042654144395e-01
1.179633508925497010e+00
-2.970465496851522058e-01
-8.366050180147074355e-01
-1.136675055265427225e+00
-1.203012301029589670e+00
-1.931177390296885121e-01
8.947613687434993190e-01
1.359058862062361150e-01
-4.934231529219659240e-01
-7.618126103362893309e-02
7.565784265007237108e-01
2.623312247561564448e-01
3.827584504758068662e-01
-2.147698622287186332e-01
-3.516968197431203924e-01
-5.637918805208670392e-01
1.747995951799197201e-02
5.166190541477426734e-01
8.959134267182324862e-01
4.929997232997303247e-02
-2.900036314918136293e-01
-8.353527870294996660e-02
5.053626008781076928e-01
9.563287964523610463e-03
8.768417876745888684e-01
-2.786815422074532811e-01
-5.602882088663454496e-01
-7.132069342707754167e-01
-4.463254201076580219e-01
1.651914407255964168e+00
-7.504356553362176996e-01
5.810747779988814643e-02
-5.610919710049858122e-02
-2.046741606124795609e-01
-1.120800786191056497e+00
4.461679845369025954e-01
-4.669471450357494113e-01
-9.303580545605831809e-01
-1.625501313649573065e+00
4.496754625690184415e-02
-4.280851598084268184e-01
1.244413013744824825e+00
3.265557373137883967e-01
-1.422446557660474786e+00
5.730216989815445361e-01
1.796382079066702608e-01
-7.171738165520662456e-01
-7.401682763092319872e-01
3.149411619934296969e-01
8.640921524519969976e-01
-7.314739359292038445e-01
2.721124434503438549e-01
-3.638087660993993278e-01
-5.071463111447982453e-01
-2.452753843984470661e-01
-4.190844641335494392e-01
1.770712631939680148e-01
-4.464183054621468916e-01
6.287409152972764925e-01
-5.128360584084871165e-01
2.334110019571707106e-01
-3.454246379489664953e-01
-3.551276267583187707e-01
-5.660004139788911148e-01
2.642805141314326645e-01
4.767989459775571204e-01
1.464391720543350983e-01
-1.778793980400796837e-01
8.130803607631396923e-02
5.827975188353582414e-01
-4.986173577435831783e-01
-5.356113466444707427e-01
6.049985639412700511e-01
2.201992053929468174e+00
-1.232993416080918392e+00
2.119393302577530780e-01
2.512642777530328941e-01
-4.159459025696257140e-01
1.531270264851579965e-01
-6.314116443998548656e-01
5.027031519622934819e-02
3.122685148217447804e-01
1.905217112564984161e-01
1.274952837836249575e-01
-3.845786990973851238e-01
-4.313535479430455899e-01
-3.234361288845917781e-01
9.610208704911371580e-01
-1.231349478521933882e+00
-1.332197513262257660e+00
6.558108829293686215e-01
-3.359331689770136964e-01
-7.302555605184862797e-03
2.789337363829936800e-01
-3.971177390986541655e-01
5.447385439503577009e-02
-7.504688780152962702e-01
3.872864727300747711e-01
1.415902159473542143e-01
8.785120876756073727e-02
5.666524296684996020e-01
1.016168019816622969e+00
6.417271855377365553e-01
1.266298475913673505e+00
8.032731355078155389e-01
5.040658029481381863e-01
2.786181286163501025e-01
3.429027241213886135e-01
-6.659931997516048696e-01
4.501042886382862207e-01
-1.029032947684969335e+00
-4.017310488849542560e-01
9.057343400793768651e-02
4.331621923916180728e-01
-5.482861924071811277e-01
8.484606955829446795e-01
-4.445029092679023686e-01
-6.551964989573995091e-01
-7.932360668477490551e-01
9.591237202852659349e-01
-1.509194082621185817e-01
2.519860302143179798e-01
-2.655430578382773077e-01
9.997803261502152816e-02
-9.614744226898823687e-01
3.891167716525009146e-01
-7.651913145219402246e-03
-1.439287900105524542e+00
-3.936371155825004742e-01
3.116555140220643449e-02
7.181828692252623103e-01
-1.493868401982564320e-01
-2.325469537781863494e-01
1.301502732728222478e+00
-6.276508741034579897e-01
1.438910078354155742e+00
2.151414655363203532e-01
-1.221952085751214945e+00
-3.573227933464742656e-02
-1.800095191114025606e-01
9.909562943528534840e-01
9.134401194610377583e-01
-9.460004755477339211e-01
1.869831669570087285e-01
3.072765913844647812e-01
-1.386283968422634238e+00
4.218690043551417412e-01
-3.601790891974269160e-01
-6.236209429252356218e-01
1.784097516390078797e-01
4.301272551253743637e-01
-1.741049804573077120e+00
-2.227101935824052359e-02
4.021297788075369750e-01
1.266967453049175352e-03
-4.295281558751844475e-01
1.154643712801650679e+00
4.167241562960977141e-01
1.638743990379010751e-01
6.128037274049974448e-01
-1.587180963010516033e-01
-4.121369310512219553e-01
3.647450680728960837e-01
-1.495113485374693241e+00
5.003796569213393441e-01
-1.235673025630693311e-01
-3.037220971303045691e-01
-9.638773325027271133e-01
-4.982975762258450292e-01
-1.038995612321952366e+00
-2.059530369721342125e-01
-8.091580183601019272e-01
2.667132298635233600e-01
-1.263412736452284468e+00
-9.148962476470718919e-01
-4.421345217930670868e-02
1.525914701844612420e+00
-7.278783813195353058e-01
6.327439748821110654e-02
-1.941885789250256678e-01
1.084329265933102304e+00
-2.883083763064739902e-01
-1.455836049372306040e-01
-5.900022692286600590e-01
-3.361078527233554158e-01
-2.655012661968791932e-01
1.693320846164526605e-01
-3.580451543238690193e-01
-6.347718614625256217e-01
-3.878368536674243194e-01
1.752085672662034854e-01
4.497903252946295338e-01
7.106345937879057217e-01
-3.226926308001523691e-02
4.270656444088068993e-01
2.273684484115919835e-01
1.220258783330949448e-01
5.878814411614431412e-01
2.776507897280406922e-01
-7.620135078011430751e-01
-1.218614248531138200e+00
7.617717220250064258e-01
-5.459290723088980335e-02
2.470542916454048776e-01
-4.242144658955562253e-01
-8.530976019522497067e-01
-4.218022588297156705e-01
3.715824488691802374e-01
5.760850117952737159e-01
2.063759580843523012e-01
-9.339881908335284644e-02
2.912218754116747133e-01
-5.012788980722515664e-02
3.968260505230667423e-01
-7.006208996503098252e-01
-5.340140364183462163e-01
5.946915590441169686e-01
2.221877420262911018e-01
-3.624896973978969927e-01
-7.363443841494845925e-03
7.714020635234795920e-02
-7.096218653920105535e-01
6.955810930613185450e-01
-7.844740814167594500e-01
-3.011853347615447984e-01
-1.353837010560087761e-01
1.099484824778257236e-01
6.798160943808442824e-02
-1.581253833164234734e+00
-1.292200972272800952e+00
9.457242621296515495e-01
3.294814571028431560e-01
3.115162880622582287e-01
8.664773533723426624e-01
-8.187827751282256150e-01
-5.901694891764044382e-01
4.311065382584756134e-01
-2.605178321156614296e-01
5.460290436031040029e-01
-1.190591153220018628e-01
1.430569989404268383e-01
-4.876634651440284740e-01
