-5.830153414785470556e-01
8.546262815847736061e-01
-1.001589862281573318e-01
-1.720833092915996509e-02
2.012426301338977874e-01
1.608983690832046287e+00
-5.043397395277698925e-02
-3.620446236704615295e-01
5.564737998360993476e-01
2.578912396797551354e-01
-8.945927190734717094e-01
3.924107627638857565e-01
-3.917490848583498608e-01
-1.826393364236707784e-01
-5.964385200603001813e-01
1.335683561975118172e+00
-3.362271238221904990e-01
4.844955112860770408e-01
2.875799775784076973e-02
-9.669993286533755672e-01
8.845950175612091737e-01
-4.366415811949479475e-01
-2.777990538704254719e-01
2.829453350127109634e-01
4.523075842910778688e-01
-2.040113348085655087e-01
8.185010212966263854e-01
-5.690436954457824825e-01
-5.122196202355399075e-01
-2.633261486361870296e-01
-3.877341774374524763e-01
-6.547519826816422528e-03
-2.358098626928867014e-01
2.097024371688810673e-01
-1.030655647613970771e+00
6.189504381277981526e-01
-1.573563305355292208e-01
-4.269175001877758557e-01
1.288225689379045136e+00
-1.856918192702531334e-01
3.663999012131903821e-01
-3.641006646282514136e-01
-4.902922865645911732e-01
-5.718410660987307548e-01
7.012055453850296605e-01
-5.689472827211390360e-01
3.605229836138513777e-01
-2.134126644913163506e-01
3.919954941563424944e-01
1.054309555213098992e+00
3.093678426667190173e-01
-8.992530832565579502e-01
-9.897531723026229411e-01
-3.740018227391260219e-01
3.655479251560376230e-01
-9.835274343102023975e-02
-4.351598836566213380e-01
1.646978799483236056e-01
1.014780476952517274e+00
4.023736262603762048e-01
-5.395793670800757003e-01
-8.363801408884259381e-01
1.144747352579190136e-01
1.138690449909595948e-01
4.431957717821981002e-01
-3.452125573923370272e-02
-1.360139768127413662e+00
-3.295847931244937912e-01
3.527727108112037047e-01
-1.068089943534807212e-01
-5.937875850143758960e-02
-2.146484095309868501e-01
-7.641527422830082239e-01
-1.135479927996183025e-01
7.309000582158479142e-01
-6.423508632573615706e-01
-6.828141383813497445e-01
2.847774239327910406e-01
-3.875008980848183571e-01
-7.032109897455475211e-01
3.665038896160295323e-01
1.997222475152239940e-01
-1.441780324802621749e-02
-4.735228097363868294e-01
3.938939244641114779e-01
2.332152499980818389e-02
-4.270015285470954991e-01
9.133620326943472922e-02
1.194098881105029264e+00
1.330562703476800279e-01
-8.160399116512391249e-01
2.735569756443831935e-01
5.439555931718922377e-01
1.237271467794440749e+00
-9.727937856781521120e-01
-1.510141105953162421e+00
4.299386723080630412e-01
1.400649490049440948e-01
-6.087655928533521887e-01
7.551679858601804129e-01
-8.212578794542715332e-01
4.256625175122237259e-01
1.952870473183420941e-01
6.263410783874602261e-01
-2.459817569466179465e-01
1.030137381055253432e+00
1.057353937989449211e+00
1.390590456418558496e+00
-3.305743312569051628e-01
-1.773532553339491336e-01
7.897368313546765384e-02
-6.076665916289225589e-01
4.695783819017901317e-01
-1.258221396652738910e-01
1.082148215701029953e-01
7.392085397549759129e-01
9.234151426574596089e-01
-7.265767348206921827e-01
-6.891388728651248741e-03
4.027568435037560679e-01
-3.238786524656850352e-01
-8.917780208234382666e-02
4.153454405244576542e-01
-2.842681730711190125e-01
-6.432413740801615210e-02
-5.533503627128810720e-01
-4.781855366214283198e-01
9.333389467259067818e-01
2.205569065273956797e-01
7.667989475999730242e-01
-3.310962689903389489e-01
1.684357923178240735e-01
1.114424602222345295e-01
-5.731940232068463148e-01
1.223114139875228101e+00
-2.524283880244151401e-01
2.448697261328180164e-01
1.322176958735358232e-01
4.386754613654049173e-01
2.315766565473716954e-01
-7.383112851172071167e-01
1.541910289062306261e-01
1.211721808980225967e+00
-2.177044959950447667e-01
1.200732675649696546e+00
3.595344604191167970e-01
-2.480671980912149688e-01
2.717341758262679097e-01
7.171278393753572900e-01
-3.896249001738311679e-01
-3.353647715745307623e-01
7.996565096168307685e-01
-6.299721017415019775e-01
-2.754429582294167234e-01
-1.993919453020546184e-01
-6.333986339385476727e-01
-1.654414415913891545e-01
-2.980427782858541264e-01
1.059942260979278572e+00
1.172226240370879635e+00
-1.743419684413948234e-01
5.490202966865761480e-01
-9.977069497132923237e-03
-4.237379508762761926e-02
3.423185565845490164e-01
9.370180286135709746e-01
2.471730946781315885e-01
-3.905609596299256525e-01
3.806083652238433923e-01
-2.137690815837604841e-01
-7.097809300390944820e-01
6.478668230172907050e-01
2.414350496734415930e-01
1.385231858471059618e-01
2.901562053443586947e-02
6.785038908617552211e-01
-3.682650285107263999e-01
-7.330269439135265186e-01
-8.738169586476859374e-01
4.078725764435540690e-01
-8.173030637569350665e-01
-8.821666048530735216e-01
6.633519258126571727e-02
6.865544637288072405e-01
5.666651493156390496e-01
9.080529187407636593e-01
3.414623168213115623e-03
-7.433426611285866015e-01
-1.229134199668793503e-01
5.974339423087362544e-01
-1.483903627326896846e-01
-8.979667021106024771e-02
-9.647302416678016357e-02
3.053785137759496005e-01
4.586023549686861767e-01
5.757753327391138543e-01
1.250117101380959106e+00
-1.061105554445701316e+00
-3.044725946973202424e-01
9.051638490756258593e-02
-6.974151749825290292e-01
1.228789315146903011e-01
3.797054731047805332e-01
7.711721374692840358e-01
1.478985625192485304e-02
-2.371916853388350566e-01
-2.308915778137562991e-03
-6.216960671201063882e-01
-3.216333369025481392e-01
1.397226655612215040e+00
-3.338153271034678959e-01
-2.831832117392855952e-02
2.999456567064321399e-01
-2.134484754583483301e-01
3.088149025372716183e-01
2.229998089688937091e-01
-1.823985105223948078e-01
4.810851712536213243e-01
-2.272583363216124086e-01
-9.878955528183411827e-01
1.501008102619169726e+00
2.706899152367212014e-01
9.900950995692379131e-01
-9.755109435007658369e-01
-1.921105197781209639e-01
7.080091788816701426e-01
-1.761658524752544863e-01
-5.174408214938769346e-01
2.096860773902525510e-01
2.008975210078738916e-01
-7.081634345973513156e-01
5.598054507314392803e-01
1.006651823782995114e+00
1.288230226873719575e+00
-8.429946640229852850e-01
1.712382318582750529e-01
-9.599422134816106844e-01
6.851161665097643683e-01
1.615899399613107690e-02
-1.584852916634272857e-01
2.866956494545526146e-01
3.938583700193087900e-01
3.176955054499472908e-01
2.933563285659869790e-01
7.282586398762365132e-01
-5.238924216938642964e-01
-8.980929638998562670e-01
-1.000787913841736820e+00
4.575238634768367674e-01
4.778012699549421399e-02
9.455888480252155892e-02
-1.877314969942779632e-01
6.851380752894093984e-01
4.935498412017454983e-01
-1.023073156027459074e+00
-5.702351307574332617e-01
3.878738725797572506e-01
-3.470581779793328048e-01
2.036111509334989633e-02
-2.532177375904379191e-01
-1.999888189520254711e-01
7.826804143309817885e-01
2.425571029378889576e-01
1.997597009808864676e-01
-2.388117419447885470e-01
-4.186569645850825028e-01
-8.426383212258374833e-01
3.828071619451845486e-01
-3.686736368687433818e-01
2.696540860425687969e-01
-1.031666361549485877e+00
-8.012225747582911728e-01
-4.237797303823354067e-02
-1.907489162234250468e-01
1.796527540316719962e-01
-3.117629358585309873e-01
-1.176115494900226155e-01
-7.678101893114939180e-01
-5.596933245760012943e-01
-5.552224923019720704e-01
1.899151995926263048e+00
9.722546815610591531e-02
-7.658648554494287275e-01
-1.767191734922577695e-01
-1.616630430143461972e-01
3.409993880739371486e-01
-6.882420752372024886e-01
-6.705182282905416957e-02
1.435208576152891269e-01
3.678695295575552526e-01
-4.824288967884604595e-01
2.447376221588327960e-01
-3.742132508473228758e-01
3.820363130849963040e-01
-5.004969844046081029e-01
-3.819629878286186497e-01
-1.086091967398027103e-01
-3.661154473733543857e-01
-1.315956992192918396e+00
4.753304044414887186e-01
5.553724625763206690e-01
4.386399880101431448e-01
-2.876874540603044927e-01
-2.426246543550936163e-01
-2.205009282241144827e-02
9.973626073504965328e-01
-2.244420661294531660e-01
2.487211976802486402e-02
3.226357814796418366e-01
6.404030738525217092e-01
-4.189657744764314073e-01
-9.857033455774602548e-02
-9.894612836334739647e-01
3.543898696838568840e-01
-2.717155239140918166e-01
-4.226405587709629597e-01
8.687673646110571912e-01
-2.426176715855787036e-01
-8.053290771602759079e-01
-1.804486170458223349e+00
-3.123659672910110152e-01
3.495309978417259766e-01
-1.059585113805465301e-01
2.352636522805590102e-01
-4.906517231177644489e-01
8.443264256261243106e-02
-1.581546182916866994e-01
8.694321600239254266e-01
