5.430762402177653769e-02
-3.397879457169708517e-01
-4.154740585247670981e-01
-1.152113657149252068e+00
-5.252431105271911926e-01
6.334180326141500839e-01
4.158708899852425755e-02
-9.093509057837083631e-01
-1.625076367904999819e-01
3.477078936804456899e-01
-9.133623063675852527e-02
-6.446161337016937942e-01
8.283270175256480794e-01
-2.422221593872221357e-01
4.585788736601181803e-01
1.159795475390853481e+00
-7.280260348613482035e-01
-9.673044978012653727e-01
-3.198637067712425397e-01
3.354617569957034640e-01
-5.156851405556173162e-02
-2.380374759473157520e-01
-7.030909414854157047e-02
5.855746478395015830e-02
-7.204412442275027750e-01
-1.149279620416099185e-01
5.188012572229038222e-01
5.661891277950069634e-01
-8.119201453318475314e-01
1.407885677364645316e-01
-9.841744406553208924e-01
-5.734174677658606667e-01
1.064021174017099280e+00
1.641494087517253453e+00
-7.310796517258829619e-01
-8.213779342585975085e-01
8.847411041737283099e-01
6.927256122891056744e-01
5.408908799319380734e-01
1.270680577657258559e-01
6.639587270717070000e-01
-1.058781521833956907e+00
-7.601392584417898668e-01
-3.201071085439358699e-01
-4.213819514895811302e-01
5.037890554608621674e-01
-1.298317351821394405e+00
1.073814728735011714e+00
-6.836976692780118159e-02
-5.765431946817957398e-02
-4.219460299880601895e-01
5.908603043351526307e-02
-1.939617173241660608e-01
3.561558301188524345e-01
-5.582316952857285797e-02
4.303478527690042243e-01
2.993932740054198738e-01
-6.893175214076093793e-01
-5.862006054099600655e-02
1.599154275118225832e-01
6.150310634979225810e-01
1.307728178405007435e+00
5.291857467837347562e-01
-2.485985303365300103e-01
9.737241396008502470e-01
9.172910110524344907e-01
-1.406359790028554047e-01
1.567616125036242758e-01
8.158284523037816482e-01
3.602401292141960143e-01
7.928383598313403224e-01
-2.507490681696538104e-01
-1.041893272628451550e+00
-3.787442832925917990e-01
1.005453035722831540e-01
3.599712135089669918e-01
-6.202970409236796545e-01
8.086882459384860111e-02
6.245086660515415389e-01
5.121665401421735542e-01
8.856144150180130792e-01
-1.114443687859849375e+00
-7.489680450098060716e-01
5.320424115508197715e-01
-4.514852998100905568e-01
1.343088371301841000e-01
-9.865613037621073778e-02
-5.644493265673529159e-01
-1.267360688626588683e+00
4.496099512101910944e-01
-3.043502829638692342e-01
-2.072850917614272315e-01
-6.820246803658768231e-01
1.317914745732587933e-01
3.776336503269038802e-01
1.136025717042054684e+00
-6.570836719105965784e-03
2.613881431843699810e-01
2.844428419812027875e-01
6.779017818242937254e-01
-1.086814489713962412e-01
-7.611299528423800531e-01
-2.424941830824250133e-01
2.378242776451488794e-01
-9.947461676439531275e-02
-2.000331359924420460e-01
-3.239390542689478680e-01
-3.649593904156896995e-01
1.240312613601444847e+00
-6.566084906866603843e-01
-2.929333542663761225e-01
2.784377305888469101e-01
6.415780451760155767e-01
-7.119299669657830343e-01
-1.073835118030653235e-01
-4.343834132187926467e-01
7.986171535099166885e-01
-6.355490723109401552e-01
4.385882257492291769e-01
-4.666725831043660455e-01
-9.107310990448399535e-01
1.153507577523803507e+00
-6.858826968437360394e-01
-1.484817827933216372e-01
8.253799146126974962e-02
9.620057043624918869e-02
9.950835493911742713e-01
-1.249886859724803900e-01
1.161793653776763247e+00
9.485258990493340425e-01
2.801506597987746261e-01
1.131526074348685601e-01
-4.361021475854933716e-01
5.994273618364118761e-01
2.432234854119348921e-01
-7.635429066344792126e-01
1.341325628019853985e-02
4.773523127149745804e-01
-4.880077318702388811e-01
9.722143761261459183e-01
7.577994829576987224e-01
-8.915781345907469735e-01
8.056863290767753982e-01
-2.810029541055940050e-01
9.520519785227409271e-01
4.485790839600582725e-02
3.847371397860016584e-01
1.237853666135672048e-01
1.372686121869303166e+00
-3.446143113189520379e-01
7.274115640709130082e-01
-3.628172625734908674e-02
4.403020525095724391e-01
-3.087517929347786128e-01
-4.553769204040139518e-02
2.117579817841523937e-01
5.051088955412572634e-01
-6.176912406894317087e-01
-1.044927332846633750e+00
-3.476584045131895229e-01
9.262376370654507030e-02
2.608367900257747007e-01
1.314604987202268482e+00
-4.703729307929799264e-02
-2.576717458872612720e-03
8.764632119155220114e-01
-3.081192953609426799e-01
-7.916556313901741415e-01
8.507868009765776618e-01
-2.020591848434721838e-01
-3.957896180845036915e-01
2.478319973081521410e-01
3.946474244734199388e-01
-3.015859530212134931e-01
-3.520079450002244204e-01
9.611171192496015259e-02
-3.072297479175771229e-01
3.983801961234463840e-01
5.633769837377732292e-01
5.290171623338028040e-01
6.540051141811940028e-01
-1.468489861031949421e-03
6.719220110251087341e-01
2.246728746243052410e-01
-3.202735989962313679e-01
1.546123515350968924e-01
-5.174594525741182602e-03
-3.596271922557531253e-02
5.211299507224314009e-01
-9.047073102080089857e-01
5.621997664459349453e-02
2.410026791512752398e-01
-2.185439916257174153e-01
-4.494028254935741318e-01
2.726106793410361107e-01
-8.251434159382158018e-02
-6.792823753023573552e-01
4.591333145128827509e-01
3.892399848532513973e-01
1.045826776736054509e+00
-2.520454588194096304e-02
-8.171337368849251881e-02
2.296880554509883599e-03
-1.936475787574795104e-01
-1.223242057505797842e-01
4.000328052763920672e-01
1.394426993846116514e-01
-2.375610018859312389e-01
-7.092854917605131981e-02
3.764454803989105147e-01
-2.792824329933925598e-01
-1.866669880125276793e-01
4.927709273046692040e-01
-7.433393970199120293e-01
-3.741252991666531580e-01
-4.761450071913804760e-01
3.469748773255582064e-01
-3.942002156273478608e-01
-3.664142455835860956e-01
3.744490832893250243e-01
-3.148464004763794621e-01
-5.661934533419444859e-01
1.016095909674738396e+00
-2.949922521916403251e-01
1.213446230192386954e+00
5.248958995243429015e-01
3.692354674148371485e-01
6.413368853691031601e-01
-5.503424735926166766e-01
-1.592136575697706280e-01
8.124077264586352376e-01
7.291175722010103666e-01
-6.482078359666377798e-01
-1.643726532517727490e-01
-5.520155622720803734e-01
3.148663529469813427e-01
-6.019422901341183740e-01
-7.589573666598314894e-02
8.747173335522213655e-01
-3.321146030549521067e-01
5.868412322898027833e-01
3.694006005322318931e-01
-3.048161017917806470e-01
7.403972880090208264e-01
5.661744458174723382e-01
-1.114494528523038985e+00
1.730555034480036336e-01
-3.935416761838683719e-01
-1.321717247943396067e+00
-3.937723288321263171e-01
4.693145898503306990e-01
-3.154832463771524154e-01
2.051699026353060451e-01
5.463215653313174824e-02
6.020465647015494914e-01
6.623660878562921683e-02
1.308944316124897589e-01
1.282841432949089810e+00
-6.883155883175633427e-01
9.514972516550054826e-02
-4.551438455663995852e-01
-3.568338446970525935e-01
8.069465839685791009e-02
8.911067443305724645e-01
-1.593300765665504604e-01
6.294470894021728102e-03
-1.304789185584457889e-01
4.779838001406526149e-01
-6.225218928434994581e-01
-1.209964324022790028e-02
-4.819074077644725507e-01
-1.759939555296216873e-01
5.750332860607767493e-01
6.897008446776603519e-02
-1.520860258534076359e-02
6.837345674594864642e-01
-8.368785593747651852e-01
-6.264162570527489482e-01
-1.679596125866435474e-01
2.817312093119028749e-02
-4.235554192311943300e-01
-5.399708610436875222e-01
1.336306801955930434e-02
6.130730490336799843e-01
-1.346519984120492230e-01
2.413327316328989502e-01
-3.554065385667111165e-01
9.238889699018029700e-02
-4.264885217071640588e-01
1.340979189027138030e-01
1.423228288212893544e-01
-2.218836327470874448e-01
5.413442853363867879e-01
-5.764607445860638890e-01
6.128114183646082846e-01
4.289144628903745482e-01
-5.500325776794273702e-01
9.061524810585700473e-01
-6.558604670962955296e-01
-9.180827050535371459e-02
-6.013042928452586589e-01
4.263331956914646614e-01
-7.873437709901318082e-02
-4.418298150448947137e-01
6.176221550469915833e-01
-9.556868858521619936e-01
6.485946672743523322e-01
-3.206574795158759761e-01
4.121829753384652628e-01
6.623058176711489331e-01
9.037895153628164868e-01
-4.208847867616098415e-01
5.648544629455172494e-02
-1.394942283201991762e+00
2.609918494884572726e-01
6.813563024179127015e-02
-1.880172699145772064e-01
8.496115324696144055e-01
1.152069639056785055e+00
-1.593808132912312159e-01
6.336167229602300832e-01
-8.259718087608419745e-01
-5.442838261905630359e-01
-6.772664695115746536e-01
-4.499124237310571095e-01
1.115580646738284276e+00
1.708606898507327165e-01
-6.616031983841613728e-01
