3.683566554935936987e-01
6.479689644210667732e-03
-6.550150008935725632e-01
-1.654835749698599479e+00
4.909651958693390106e-01
2.128654396250951319e-01
1.372744059850316001e-01
-1.689056231618407677e-01
-2.709206957221265144e-01
-8.138474492739351529e-01
2.367686805274947237e-01
-6.630193745531628435e-01
-1.213095182006628248e+00
-7.935446119634533835e-01
-5.806602957203757520e-02
-1.480375658641113271e-02
8.507018244927568862e-01
2.154616659249445898e-01
3.551824576244815845e-01
4.585466552102347992e-01
3.268392814573207183e-01
-1.359336206078207709e-01
-7.899382539339131482e-01
5.614727606539601235e-01
-6.984853316691146397e-01
1.864680753805069979e-01
-3.549008186332184844e-01
5.977197228971632414e-01
-2.021299354878290933e-01
-6.506114222089595112e-01
-1.340902696161128338e+00
-5.053350744418875218e-01
-1.607024145733100262e+00
-1.989636103716145854e-01
-7.795472058477442845e-01
-1.078069825045743890e+00
2.488617606025654294e-01
8.281290163451836550e-01
5.845168118438859306e-01
1.355863182694998059e+00
-4.873174626347062666e-02
-2.058254011411558837e-02
1.307099247439622025e-01
-5.259706065916677220e-01
-4.606561999424064191e-01
1.501879762633815119e-01
-6.584907179309046343e-02
5.780131760840379052e-01
9.871384042931871661e-02
-3.323197420064298580e-02
-9.483191142313845967e-01
1.100951137861832851e+00
3.856922831389512640e-01
-1.884846271091936698e-01
8.612013047387656606e-01
-1.306323317436908216e-01
-6.180710723256414019e-01
1.005632131339088131e-01
-1.131419346500903256e+00
-2.774246566929573499e-01
1.547747288680990374e-01
7.207332608275319741e-01
9.659569018652889305e-01
1.837008051831536259e-01
4.374524865371286486e-01
-1.054463330209606031e+00
3.688741454927603747e-01
2.539374651100850810e-02
-6.640432469021483319e-01
-8.656593657624884752e-01
7.858975467437600004e-01
7.552321968189329437e-01
8.974002852300975164e-01
1.243696557199636538e-01
1.681179396091114109e+00
-6.453502967901414422e-01
-1.288823476911137300e+00
8.481124310041208147e-01
-3.033125068062806351e-01
-1.248580344224655914e+00
-1.725749553433535421e+00
3.851019307058026753e-01
-5.988788507468699729e-01
3.218222478500062933e-02
3.053702712645555151e-01
1.929484801184328524e-01
3.385245904662000926e-01
9.302518835990949420e-01
9.841836055359375335e-01
1.334935743059305402e+00
3.434744927684585392e-01
4.011046118090364487e-01
-2.399740048160552836e-02
2.800240739695098457e-01
-2.230147878915224036e-01
-1.489925404900045658e+00
8.549218461756311616e-01
-4.356867505907366378e-01
-6.889862332065703754e-01
2.062818792612664820e-01
-9.448010246449645155e-01
2.015282639044216895e-01
-7.474528279418195531e-01
9.185604342097297703e-02
-6.155793189850616853e-01
1.122566222783809575e+00
7.618956880115183017e-01
-3.176194939696589947e-01
3.997582654939363378e-01
2.724253478432602238e-01
1.179075815608609634e+00
1.124633858802612130e+00
-1.121595809721931403e+00
-5.615513613710935992e-02
-6.906259030334683802e-01
6.471699047735777199e-01
6.400298803085125998e-01
8.134716997182575016e-01
-1.148128398369838710e+00
-1.976697440114588922e+00
1.057091240909168450e-01
-1.088140875845367450e+00
5.704822004447613892e-01
2.510999176706548708e-01
-4.607112006494692436e-01
9.351095146430307148e-01
-6.776646299969088516e-02
-7.823067415345126285e-01
2.794502240403719528e-01
1.607706237254916959e-01
-3.226776746811776952e-01
1.021649404056525601e+00
-1.468487165204460210e+00
8.199834119626317475e-02
4.415438576848674246e-01
1.421221054198189115e+00
-4.878921595375804166e-01
-1.076349162169598223e-01
1.099691935018475730e+00
1.015404847915172493e+00
-7.075269351347895919e-01
-9.482904205099015327e-01
1.964269205800097673e-01
-4.394014015842189202e-01
-8.145813923313423022e-01
-5.639306668320621663e-01
1.121678910146330033e+00
6.014384523821014739e-02
7.035719616872883331e-02
4.507534884622269034e-01
8.768611215077503074e-01
9.902771709562957492e-02
1.551766091027187766e+00
7.041412655590037484e-02
-5.878648318919721394e-01
-3.563728744845913177e-01
9.315801436399836488e-01
1.115196426575314481e+00
-2.416890885389949561e-01
-4.354269790123811434e-01
1.777508464995986026e+00
1.561648540167287491e-01
1.090909667268736172e+00
1.937888298715869428e+00
-3.556035053888953468e-02
6.457079527078304348e-01
-2.472139505887455124e-01
-6.280735927512058892e-01
2.957253331845053346e-01
3.356730201846282458e-01
7.952762628622456198e-02
-1.117155848765469139e+00
-4.853045549533342440e-01
5.656040139039970882e-02
3.788555973422064183e-01
-7.645689380986044892e-01
-2.833784073842612883e-01
6.315947621538651191e-01
-8.806398269010546898e-01
5.321362219049282638e-01
2.633451589173801954e-01
-2.849406348879451878e-03
1.046652054627844608e+00
-2.781489824161906266e-01
-4.000102619862397901e-01
-9.453184247101480142e-02
-3.763831089380448858e-01
-9.830164664869269764e-01
-1.429111107333944641e-01
1.306968039617383059e+00
-3.886286155538399845e-01
-8.835110182486369257e-02
-3.901508741418860948e-01
1.074091130586573684e+00
-1.356474208720785057e+00
-1.022441734887364340e-01
-3.962503560526511870e-01
-6.080202392017081126e-01
9.500058527117480334e-02
2.370748979656248867e+00
-6.386127011166450873e-02
-9.465670784885933664e-02
4.626314930665249847e-02
-3.231559027248095406e-01
-1.549300706449624920e+00
-7.364712761242654393e-01
-4.580145186299707238e-01
8.940775618062339891e-01
4.762601865941057389e-02
-1.258531843780391402e+00
-9.774427242105053759e-01
-5.072799759416265486e-01
-1.230419321665957022e-01
4.053187982237186349e-01
-2.845063639393216604e-01
-5.234171954648695335e-01
5.261645789138940099e-01
-1.253390813123163028e+00
2.473892279861405474e-01
4.563404377032425630e-01
1.079862927704723807e+00
-3.129823712360024213e-01
-6.787291839579684405e-01
1.660297889812073491e-01
8.320510339160414048e-01
5.643921977555907965e-01
-3.574014302197167092e-01
-6.964712060091818868e-01
4.524608908548671815e-01
-1.134807478838719463e+00
-9.131354124899717650e-01
-1.245424731148169428e+00
5.996321337212946467e-01
4.927310317385556471e-01
-6.486290226944950721e-01
8.848823471309968935e-01
8.303350625371688221e-01
-1.879846634707048325e-01
-1.349819900864236977e-01
1.670877894040875555e-01
2.832496939430513283e-01
2.291830912200674142e-01
-5.280559716815746985e-01
-1.288330098264183765e-01
-4.827953838733264336e-01
6.001035108447241306e-01
6.985479899779660773e-01
-1.167537981441618689e+00
1.359074116610074490e-01
-1.803560280290933682e-01
1.185041112818346676e+00
-2.343494643962361901e-01
3.486030618950290982e-01
-1.636113273241503741e-01
-1.133816005005633260e-01
6.693261104463272826e-01
-7.811926030846773061e-01
-7.825809312227413050e-01
-6.999536523507112751e-01
6.200301659370882623e-01
-2.557612750996484108e-01
-1.283649685907040316e+00
2.463202306374658868e-01
-3.057684414221867875e-01
1.753282692557819877e-01
1.985095120191014972e-01
-1.585667886243297686e-01
-8.285015207525803227e-01
2.353404721898359475e-01
-2.976701724995889364e-01
-1.071577608983331542e+00
-2.792711663038570657e-01
6.885306812737213011e-02
2.415331373802035164e-01
5.985119339113984527e-01
-4.468455752258215785e-02
3.928234082437651042e-02
8.171501258315183591e-01
-3.226101402858052025e-01
-4.164858234911616996e-01
4.918624199015920739e-01
-1.169459738750625033e-01
-3.259968261292037761e-01
5.724792096927554530e-01
1.168544858827559985e+00
4.769150629407478137e-01
-4.027694616470887112e-01
-1.141387037608261323e-01
8.300357054341137575e-01
-1.546675900257850067e-01
3.165717629156507007e-01
5.831947859508435084e-02
-7.125890894591043745e-01
1.003386641627694642e+00
-5.828886057973408086e-01
-8.867356700984081463e-01
-6.898564498604644601e-01
-3.515811185061785138e-01
7.110934947412619334e-01
5.701055408060072827e-01
6.741088215836577024e-01
-1.644815216300110183e+00
-5.814651178356660122e-01
-7.146732261339088232e-01
8.384034267795098527e-01
8.313442089843978700e-01
1.157134380477244096e-01
2.128947581269339806e-01
3.684872832894383610e-01
1.062410207313034538e-01
6.211341922708103480e-01
-1.574000774618059262e-01
-6.244700016999292780e-01
5.701832573369236545e-01
2.404562731382241247e-02
-2.052504135837152355e-01
-4.800557393137201423e-01
1.355534710027318790e-02
-1.823729145716472266e-01
-1.042534435470757748e+00
-1.395529808441975383e-01
3.774894840534509521e-02
-3.716659074548205322e-01
8.224099584029322951e-01
-6.325542085904892753e-01
-3.189737893025531568e-01
-4.797750837299190607e-01
-1.038487793395203584e-01
