8.571201277517537243e-01
8.619672545346309667e-01
9.451491144157044000e-02
1.067409796999745364e-01
1.443353907842105099e-01
3.670991992361036793e-01
2.691434626990932832e-01
1.360985110852099167e+00
2.983639774734589412e-01
-7.507848016236379207e-02
1.125423142614106808e+00
-2.515156568093275258e-01
1.177648869720418212e-01
-1.652627116958433062e-01
-2.195461874276685363e-02
2.642153012342536855e-01
7.793469860034457630e-01
-7.283778713292412554e-01
1.788400846655884280e-01
2.395850189187229695e-01
6.729124843071685458e-01
-1.618161084244529757e+00
-2.884135295777202901e-02
5.572062636189465401e-01
4.559900443268444792e-01
-2.095764649345660258e-01
1.997525618224442745e-01
2.149904372300573407e-01
5.749883899578879243e-01
1.141392559863090739e+00
9.582429590891923255e-01
6.113229682470531223e-01
4.004673023950144906e-01
-4.223644225754819015e-01
-9.307351083157111571e-03
-3.141544764855151439e-01
-6.010751081616986236e-01
-4.313477763124635711e-01
8.585842818767750462e-01
-3.128326734905588213e-01
-8.352416918362660647e-01
7.750705428295233679e-01
-1.296277286703017895e+00
1.063970270653147310e+00
5.524292696857152629e-02
2.301125820400687916e-01
3.136794599445740239e-01
-3.775240028373583190e-01
-4.187610254661767173e-01
-1.745662572470614571e-02
-3.262995218535128528e-01
1.014809276308679259e-02
-2.640580136531908706e-01
2.547710449799467924e-01
-2.228623225512016970e-01
-7.623473456301728124e-01
-1.640325327437630598e-02
6.776333196305639461e-01
-1.480294849538649482e-01
-3.231662917940791857e-01
-7.918006523861635948e-01
-7.190924944212770953e-01
-2.737458432785161433e-01
9.658874052053814108e-01
-7.578340064162145673e-01
-3.348915502445639625e-01
9.269925944472729995e-01
3.806259739705278866e-01
-8.890324839548762181e-01
6.149689726895789521e-01
7.648133426711143379e-01
6.853886387475838227e-02
-1.305074460989449903e-02
-4.455101031400359735e-01
-9.151258592182245910e-02
5.619395362702136465e-01
6.225711898824930479e-01
8.965545243757810923e-01
4.898149937866422832e-01
4.580856462637695192e-01
2.606118459516251762e-01
6.995443109216095134e-01
-1.359736022909159292e-01
1.065902145122841344e-01
2.568673952048869946e-01
9.332406288119956539e-01
-7.857852119516102463e-02
-6.681478526563513487e-01
-1.953780486879517775e-01
-1.131332175114559524e+00
-8.197250414632218929e-01
3.489585836710581979e-01
5.069833003004806105e-02
-1.031150352625094246e+00
5.049136853659085267e-01
-4.175704222721238201e-01
-6.686070539196639073e-01
-6.688872954855733521e-01
2.307885704215886513e-01
-1.243079064081084595e-01
8.062662370785135257e-01
-1.839194451644788342e-01
8.461953178330945402e-01
-5.622011514511461305e-01
1.447945482962074981e-01
1.009675332258619940e-01
-3.576815785310908380e-01
1.434644881229649727e-01
2.328331385603660611e-02
1.769015929406480558e-01
1.733146164296268110e-01
7.112131144721762777e-01
-1.217007144064931878e-01
-6.780767045683213645e-01
4.422585399816508778e-02
1.948002700689806799e-01
-2.377724763554074361e-01
8.928179674730970516e-01
4.781721668613264642e-01
-1.468998778838592090e+00
-3.390633005804347677e-01
-1.052068452982115876e-01
7.661342490706263275e-02
-4.924600784721228086e-01
3.830931918432527450e-01
4.002026040464069512e-01
-2.272502182798601666e-01
5.738169958827389339e-01
4.324501106981737397e-01
-2.923826384246102084e-01
2.769414681727856986e-01
-5.379967998707648746e-01
6.857339553624505757e-02
-8.804357014237812473e-01
-5.991703345757980470e-01
1.667824316087143099e-01
-3.428218582401327263e-01
1.750854282705645304e-01
3.900450547514026645e-01
-2.528143407460986536e-02
2.082781381662507370e-02
-1.482583036955022748e-01
7.440019338639816127e-01
-2.056593744846670624e-01
-5.220683414041363823e-01
7.636628345291660569e-01
-2.064418145976956165e-01
-7.295944053974021126e-02
1.478265660841953100e-01
-5.269066830774969956e-01
4.921431948905314879e-01
-1.255934513501028027e-02
-4.056846834632438920e-03
-9.927227397107409868e-01
8.744904102729547102e-01
4.000876553041559647e-01
-4.139181712889842268e-01
3.812826600983979519e-01
-8.970102017882752854e-02
7.709611689667915657e-01
3.657629242205800990e-01
3.087063490089383411e-01
9.671400637023777613e-02
1.215647618485694165e-01
8.452032986306814988e-02
-5.773619017908060425e-01
2.515573703867164390e-01
-4.784974682443367544e-01
9.627722323850346209e-01
8.292543976469977096e-01
3.354156870826098258e-01
1.519836329004659037e-02
5.386201087856787861e-01
1.533082932254795083e-01
8.795715831204177215e-01
-3.513201990422971238e-02
-6.935907124882195740e-01
1.765940783706777539e-01
-4.155150693541855289e-01
4.682688043707990966e-01
-5.533899076919422955e-01
6.915412366774201791e-01
-1.067645190985184511e+00
7.851200348880283952e-01
-5.030655761788929148e-01
4.767880707174643740e-01
-1.808066151774822827e-01
-5.819244734882260683e-01
-3.901690180561660504e-01
-5.535884524918390781e-01
-5.605936376532617560e-01
6.658125749178810393e-01
5.918985279240781550e-01
-2.591695965043702143e-01
5.472643800313096163e-01
-6.679540259736599372e-02
9.156833485668884887e-01
1.506750707503047015e-01
4.295888022203027123e-01
-2.468226384972091458e-02
1.250424247594645877e+00
7.018117451597547518e-01
-5.375271464200697125e-01
1.152546805369078775e-01
9.216889286666042347e-01
2.897110579955503029e-01
1.180379506403901324e+00
4.521787764035163359e-01
3.241717263738487231e-01
-8.101052919240663008e-02
-1.870943050997751766e-01
-1.063734896657805074e+00
-1.457687519632253625e-01
1.904410301586579798e-02
6.425561655357225899e-01
-1.758922209579992513e-01
-5.309563731577473522e-01
-6.282073765418059175e-01
-5.804149688014058617e-01
-1.933404125878959157e-01
1.342166515092177992e-01
-3.042991088447297154e-02
1.944817683833747757e-01
2.120327154666000191e-01
-5.619285581317355893e-01
2.209849674707002054e-01
-2.282983445431252534e-01
-1.573199138799288854e-02
3.786858392204753287e-01
4.083240883235209617e-01
-9.541356973911951922e-04
-1.923468956856710932e-01
6.851405548866973394e-01
9.222078780208197157e-01
-1.508004565445479339e-01
-1.069713804539067503e+00
-1.917911260810355456e-01
-2.343924465296247928e-01
-7.306020986995584998e-01
2.526227667823663925e-01
7.765019548489235368e-02
4.683485422046816393e-01
-4.355607286560208430e-02
3.626397896104986973e-01
-8.301621278219192268e-01
6.233266635659023835e-02
6.768958140667025170e-01
-2.214643403709413150e-01
9.194228925564442712e-01
1.593845048336956505e-01
7.093776935729451116e-02
4.955399209864408960e-01
4.627188873481914988e-01
5.601833676419429864e-01
9.973431266171122189e-01
-4.749486382480924695e-01
-4.901002537751394939e-02
-9.730227732887659631e-01
3.070588931656540455e-01
2.178558318237171498e-01
-1.504048063039040706e-01
5.201047549320347851e-01
1.761257835856577247e-01
1.255643197465288630e+00
-9.879161600561080225e-02
2.046575804811231469e-01
8.447193004491914126e-01
-4.160390570135689692e-01
5.387284158394261002e-01
-2.890888931711503851e-01
-7.728928480980308269e-01
-4.145486752530609387e-01
4.663361143128740283e-01
-4.847896966489027570e-01
-6.652314665715002295e-01
-3.700983278183690439e-01
-5.730009826519205651e-01
-2.873325796566751911e-01
-3.520592191635155133e-01
6.581237293910552344e-01
7.211820756278244371e-01
-8.140844568048505314e-02
-8.447975061917678552e-02
1.951053301503015702e-01
-3.182559645642004664e-01
2.709421247770374963e-01
4.944809831213701767e-01
-1.270890212680272358e-01
-5.014344198409472764e-01
-2.190058775978633854e-01
8.593946561592028521e-01
-2.495671957117454598e-01
9.386513395218981648e-02
8.724297164899539325e-01
9.071330551767395334e-02
2.329456081325613770e-01
3.337025925947238458e-01
-1.326428949190652906e+00
-1.114750622850033013e+00
-1.178866527963617905e-01
-2.847366647418702046e-01
1.687703290111118859e-01
-4.177168475478624243e-01
5.979619106899888292e-01
-4.952566851844355522e-01
4.448234241529513966e-03
1.391149650516030567e+00
-4.355549352130076990e-01
7.461808687255118144e-01
-1.230642880664009065e+00
-6.420015917672453609e-01
1.139193951008449446e+00
-1.121427916266961589e-01
1.526233405573789170e-01
-1.226756304540344011e-02
3.580316715143868067e-01
-1.364874019101266212e-01
2.959625765400878405e-01
1.709557948413205630e-01
-9.859684496608482895e-01
-5.759745725527658511e-01
7.187284043764712305e-01
5.906814309934699248e-01
-1.004951708594367110e+00
1.075640143856017694e+00
-4.068434114205211616e-01
1.319576821571700198e-01
1.224235187891998672e-01
