-3.667223438214681219e-01
4.157475166948407796e-01
5.173673465079774159e-02
7.105332403193832524e-01
-5.532993830436188087e-01
-4.676639668410212392e-02
7.098003109761817919e-01
-7.786456954542897435e-01
-7.676989486238583460e-02
-7.299720067178457061e-02
6.719370206786330346e-01
-1.030401689435237050e-01
-2.119877435960320078e-01
-4.390136148085513335e-02
3.971521957414503312e-01
4.071050946806472060e-01
-4.533808131387949136e-01
1.498400790220922318e-01
-6.870742911784445406e-01
-6.971024074520200120e-01
4.092598602503763616e-01
3.176380153749339130e-01
-1.021972843713515600e-01
4.351700399140823183e-02
-1.077984067078775893e-01
-6.384790437663938611e-01
3.784291248805579100e-01
-1.239292608088452763e+00
-4.424231431827377881e-01
-2.381653514193657006e+00
3.760564977897798977e-01
-6.253786409710684335e-01
9.282212733170134289e-01
1.287564909390871704e-01
5.022586900695837908e-01
-4.769266913459050961e-01
1.180783601321593101e+00
2.446097858423831872e-01
6.720563742721569200e-02
-3.944969998917179366e-01
-2.021280872874365031e-01
-3.942071456992583545e-01
-8.454053255253419774e-01
5.000962658941177086e-01
5.749013850378783541e-01
2.015102442789288573e-01
-1.838724444876309594e-01
1.324717036495594025e-01
4.003763899011025806e-02
4.776144306388395711e-01
3.850251232398895773e-01
-8.713804604386685693e-01
2.595910979503146532e-01
8.747732840343507288e-01
-5.394118110777899044e-01
5.036882922934871054e-01
1.356671042140006889e-01
-7.059019756829717496e-01
-7.616895326459526272e-01
3.090601825138163949e-01
-2.823469567746530462e-01
5.439034806857624416e-01
3.361770239257920179e-01
1.232504471324069595e+00
4.992767183583721735e-01
-1.753121062686530118e-02
6.923762442841382425e-01
4.442636350731976047e-01
-8.094373662302243311e-01
-9.430555622294686247e-01
-3.949969208051335445e-01
-2.966283833466478725e-01
-1.289747881967497345e-01
-7.084178942180140437e-01
8.581206555773055467e-01
-1.266704939967392418e-01
6.465744431324383923e-01
6.843633719414026206e-01
5.635644304591044262e-01
3.091572140663768620e-01
-1.335463386367619076e-01
7.407324358822096055e-01
2.776475850031952519e-01
9.329419427881735505e-01
-2.413219182344437663e-01
6.138559712533431245e-01
1.134224364951147423e-01
1.840719445797808218e-01
2.573444719001222736e-01
-9.497269253677730338e-01
-3.231345486962124980e-01
-6.025043248198977963e-01
7.385703424311871323e-01
-7.720302609226989965e-01
6.228890324284673818e-01
-3.482682104374652809e-02
1.320568353080532331e+00
-4.098756759745886269e-02
-7.503314023188671911e-01
4.803939073445643859e-01
1.004487813155910958e+00
4.533825950106498137e-01
1.229866414495670024e-02
-1.276592551602646397e+00
-2.168830921169477913e-02
5.582151079380086589e-01
3.245039061025686289e-01
-7.122131521686584366e-01
1.175040633646662780e+00
4.758145536115129248e-01
1.270252407885587020e+00
-9.810922695982592090e-02
-5.990647643726271232e-01
-1.343396740433301373e+00
3.863921232559591745e-01
3.145440114805355680e-01
-7.155608608994155073e-01
-3.115828564311775573e-01
-1.561351426323997343e-02
-4.342721010483142907e-02
7.027371325780240596e-03
-4.459304229434420397e-01
1.581346873391328567e-01
9.845517105707010663e-02
4.380964096746784442e-01
7.244054599641973624e-01
-4.652141542294555010e-01
-1.875022352559365391e-01
-1.866331151136411959e-01
-7.109482057878964145e-01
6.725445470348859756e-01
-1.707716012472201006e-01
4.445440392087557369e-01
-9.280563606855447567e-01
-6.868481230451959352e-01
5.074072687742927634e-01
-5.620167220324682189e-01
5.696602342050639534e-01
-2.689847501716976508e-01
1.706723465800526751e-01
-1.686942091529690102e-01
-7.111865392579974632e-01
1.905415316526160585e-01
-1.032459819647373184e-01
-6.449498419152071005e-01
-7.934186746800570011e-01
-4.624780328216718805e-01
-7.811442340109665539e-01
1.183894475744620589e+00
-1.015670111514301865e-01
-8.817224258658983294e-01
1.765124571817843768e-01
-5.341373763182291623e-02
-3.532460649815092335e-01
1.058868379770301571e+00
-5.675985721339649182e-03
7.677198073544350132e-02
5.068695792023276692e-01
1.188955226500484130e+00
-3.223755879551927772e-01
-4.988610364954199627e-01
6.096941331245731011e-01
9.224627758378536879e-02
-3.840452878623383803e-01
3.754812202530856124e-01
2.783727263855974299e-02
-7.509429788558537044e-01
4.570331109136827608e-01
1.323655348529157116e+00
-7.926000597535935999e-01
-1.175988468346098603e+00
5.641259130705668090e-01
6.781807507057193707e-01
6.528651868316377449e-01
4.088482328836207103e-01
-5.166607904687812169e-01
-6.611109955676548466e-01
-1.034826063080419856e-01
1.144254911684067899e+00
-3.417465410343345500e-02
8.302674669024187604e-02
3.567790356145102981e-01
-3.625391184004933542e-01
1.589217435845960980e-01
-2.064542815088773187e-01
5.803529577226392844e-01
1.191382019463952391e-01
-3.990310072220940585e-01
1.665610263089627174e-02
-6.660950662494111718e-01
1.037491221871196523e-01
1.883562757891456274e-01
7.810967658229881483e-01
-1.949913498801251199e-01
-1.439434661929518855e+00
6.850043419070173112e-01
2.202055886186735090e-01
-5.862407196489893835e-02
-1.018817877504052838e+00
-1.346114888044283864e-01
1.062163569980919542e+00
-1.365457482804648848e+00
-1.427919559289725360e+00
-3.308870125589329358e-01
4.675922950644221809e-01
-1.589980126777263414e-01
6.581023688992566623e-01
-1.819189149861379362e-01
-1.542203942341099920e-02
-4.408024506578405166e-01
3.380099486137507769e-01
8.515186010177226983e-01
-2.048992058377714365e-01
-1.087127973438425821e+00
1.740110149316281829e-01
-1.383171232911681869e+00
1.976743531653299968e-01
-6.634188961761714465e-01
-9.859516523758224960e-01
-3.558827916886678211e-01
1.454535830235068050e-03
-5.827956380067930153e-01
1.372561011515759932e-01
6.940637393889109719e-01
-4.799039824930026454e-02
9.175366836371385837e-01
1.141671356727946701e-01
3.758978755612819578e-01
1.196755595489610580e-01
6.893043250218353069e-02
7.093538213810841597e-01
-5.069738592990277182e-01
3.042943081250198412e-01
-3.032443546739990170e-01
5.152404990195107448e-01
-1.053629333540288815e-01
4.414047670204138685e-01
2.691512450722262084e-01
-3.470540807535643646e-03
-6.863836079619345387e-01
-4.090600262358351502e-02
1.740338713689559003e-01
1.761668176354229121e-01
3.739422984145001072e-01
6.621274529658396357e-01
6.200596610911319750e-01
-7.783729502984947368e-01
1.025551333073182247e+00
5.073179646923169361e-01
-7.492915988835017194e-01
1.714724089927086359e+00
1.573841662076062908e+00
-2.083654419645109002e-01
1.082359234914251345e-02
-1.132855663603116625e+00
-7.906692459662885142e-01
3.374231553183753007e-01
4.271562557934886484e-01
-1.149446751231597785e+00
-3.327391396397388901e-01
3.648727438957380387e-01
-6.477560863651685708e-01
-2.777428177902609985e-01
3.637532362694279042e-01
-1.017772546206673484e-01
-5.385376399102607126e-01
2.494505583884285560e-01
6.925641890209068841e-01
4.051504168297040409e-02
-9.811284753470255193e-01
5.050109877514843415e-01
1.620711317076893865e-01
-1.837447335658069836e+00
-5.913186427825241065e-01
6.208792010535454375e-01
-6.783640769923815483e-01
2.115118739539768311e-01
-8.387547408823764483e-01
8.194925788115949850e-01
-3.163604972349773892e-01
-8.827286836292644878e-01
4.565912762164363592e-01
-1.898193518388108514e-01
-8.853856816043542688e-01
4.907510605851992391e-01
-4.224865139189406538e-01
-3.025019754377270553e-01
1.089083711593129694e-01
8.409104726827532073e-02
3.340592478792422937e-02
5.993129708582854709e-02
-1.884466375452978348e-01
3.431690008905628753e-02
-2.450752701207337472e-02
-1.949549199965895374e-01
1.662312264379263715e-01
-1.208106824121369938e+00
-8.448539204198977082e-01
3.055065048756561152e-01
3.894303899138596980e-01
6.345937468355086764e-02
3.025466802904291375e-01
-1.753924713014759051e+00
4.915083897694430548e-01
-7.422705642588146580e-01
-5.491600551375068751e-01
-4.057852111341787027e-01
-1.091745901807088970e+00
-4.182823617717935094e-01
4.097449013133656059e-01
-5.201596640848234893e-02
-9.436178323569566206e-02
1.394217935997295321e-01
4.374712009621104514e-01
-6.655037026418857415e-01
2.136625719352593933e-01
3.804511528912389584e-02
2.369222679212949073e-02
-5.943546720531728278e-01
1.593159669248135901e-01
-6.435155061556654399e-01
-8.935596786495387800e-01
6.729929311310534068e-01
-6.861483735397685413e-01
2.983999505035846989e-01
1.131112201579254350e-01
-8.406334784428534102e-01
-1.217653757736006717e-03
