-7.733385217049384419e-01
-6.706584582879127066e-01
-6.074242435220783554e-01
-7.226613358955729094e-01
-4.461520532087020485e-01
5.953657642106435777e-01
2.908263975510074206e-01
-1.578770484136550190e-01
5.001842707463340781e-03
-1.013730357904993662e+00
1.267186486623647357e-01
-7.573486235159911928e-01
-5.552251541583655969e-01
1.629097607512286217e-01
1.242618380087134655e+00
-4.200038598024518621e-01
-2.453140948800325571e-01
-3.049346553184033026e-01
-1.474671172058767965e-01
5.310378773595657576e-01
-2.231892684404796212e-01
-3.744510061199198686e-02
-6.010042788651293044e-01
-3.014639370509938909e-01
-5.318761068442315887e-01
-4.071555160045983168e-01
4.737930847911036025e-01
1.997513767912089885e-02
1.091088759402462083e-01
1.067850888056127157e-01
-3.708826828116685431e-02
1.413159943801734486e-01
6.129784533870514807e-01
1.021640712957149644e+00
2.371280444577994750e-01
2.426265487700740853e-01
-3.942347095600857720e-01
-9.460522042087790573e-02
1.822097423803886174e-01
-1.495864012420373035e+00
1.014161563039169600e+00
-5.004189203076353509e-02
3.940307780844939933e-01
2.785414993187196320e-01
-1.635119580285840923e-01
-8.118483247998312113e-03
3.338790315657491625e-01
-1.099575298775244958e+00
-5.602345070808275596e-01
7.797411622807289833e-01
2.800427595806423975e-01
-1.422416412594851298e+00
-3.577787223094916480e-02
-1.430182863521458181e+00
3.095890118108574063e-02
5.646863397042461985e-01
7.604535275744919165e-01
1.206287711082246888e-02
-4.347523487497685357e-01
-3.757649504978969324e-01
8.202091873150719747e-01
-2.631488458563884802e-01
2.404125282792649726e-02
1.956587708723734331e-01
-7.565107745823624885e-01
1.261751965893427585e-01
-1.002265834136834011e-01
5.577799373667354788e-01
-4.961800762080602611e-01
-4.038431725542350192e-01
-3.291479096649896352e-01
-7.473929100324014918e-01
5.585461000373580509e-01
-6.071833067672024326e-02
-2.433311537070193542e-01
-2.222817328873055720e-01
6.713297047042571242e-02
3.228729066384209423e-01
-5.475726400871583355e-01
9.072735982768909135e-01
5.537447613753082587e-01
-3.027461661445660646e-01
3.022810616681523843e-01
8.310423849372543526e-01
2.688743992729737409e-01
3.796841830824265185e-01
-1.117791803183780353e+00
2.265307150602453579e-01
2.883785941733330027e-02
-5.324886896825080651e-01
2.395039443617355546e-01
-6.113812331159177438e-01
-6.823622473195380955e-01
-7.201439772905547931e-01
3.689690071475107969e-01
-6.992065293613740629e-01
-1.168442686546133924e-02
1.832094991291698671e-01
-7.530316938169774321e-01
4.431802741245947641e-01
-3.194115756472708512e-01
6.392762384820538379e-02
7.845726853027573666e-01
2.267302460855613044e-01
-6.192122215353509374e-01
-3.656889009796377987e-01
1.980991574133278699e-01
-1.313454755816599040e-01
5.533121432808063567e-01
-5.856944026488519750e-01
-2.192125377017314358e-01
1.098812325163806558e-01
4.951303046958214771e-01
-2.025342279938655565e-01
5.173124651982663469e-03
3.309985027831006121e-01
-3.273611489413132403e-01
4.492627892563331726e-01
-4.339731424897858014e-02
-7.503523913796095179e-01
1.077028704442128060e+00
-3.390479478585503026e-01
-2.659617783414467418e-01
5.939329629353898854e-01
-3.751974617539606260e-01
2.197291987616810938e-01
-5.092464778278226190e-01
3.164722573405195361e-01
7.836679229732282370e-02
4.805717175627813864e-01
8.857025312023819597e-02
-1.260088283543490117e-01
6.873955827096065452e-01
-3.947003612796811112e-01
-2.626207614644774924e-01
9.260758488957313017e-03
-1.145641793254728591e-01
-1.113130493147305305e-02
-4.306620477070898234e-01
4.088897156147959233e-01
2.732212549170378035e-01
8.940788374966648910e-02
2.161819394721838927e-01
3.657290171958878233e-02
-2.541942105091477555e-01
4.200298224986659390e-01
-2.447569630553177167e-01
6.763603962050308560e-01
3.277527692214539656e-01
-6.553278965768715159e-01
3.651792940887510497e-01
-1.303348638580572039e-01
9.628003262591128264e-01
-7.199615430580247333e-01
-8.384173580903205858e-01
-3.292368951649339848e-01
2.690032544775128320e-01
9.541690362832165873e-01
-6.237301545340467879e-01
-3.445447270019098007e-01
-8.357007831546664489e-01
-1.534735266910689511e-01
3.878919814796183418e-01
-4.835456000031392865e-01
-3.742222230679677353e-02
7.158869692115490402e-01
-5.096915456910111608e-01
4.850093409487014895e-02
7.967379087741692789e-01
-4.707857602342220282e-01
-1.009641309419014865e-01
-1.400057606767266538e-01
-9.299594519027892803e-02
4.428675777815224701e-01
-1.075032215991238438e+00
7.294186438418192031e-01
-2.621363618107019899e-02
7.291575750838608094e-02
6.469309733227234238e-01
-1.079035722410853215e-01
3.117292537286054932e-01
-3.328363399407492373e-01
-8.738741438266327266e-02
-2.334801999171995657e-01
4.920264236271593150e-01
-2.613381844215262872e-01
-1.969973277893374286e-01
-1.149812091514056528e-01
-8.768579118834995967e-02
5.134269361306773721e-02
3.520910167622086639e-01
5.073008812494665953e-01
3.447871352516230226e-01
1.184558604227222922e+00
5.174632241129868415e-01
1.701753075262591453e-01
-3.943666346495354746e-01
-2.926957795723740818e-01
2.193521663734863958e-02
8.061836396078069233e-01
-8.217205105307985313e-01
5.101770912202825414e-01
-6.371727462562468691e-01
4.992623999866490081e-01
-3.185052127796145216e-02
3.233000157728186386e-01
-7.640357250898759389e-01
3.194362928739354068e-02
3.397426031661274770e-01
5.486680697029140408e-01
-1.687122586258656409e-01
-1.370471116636998443e-01
1.464115544837172045e-01
-3.593825924022189255e-01
-9.391083265000312874e-01
-4.098633944091077952e-01
5.450074535500499806e-01
-1.709336881006961739e-01
9.520544616182083919e-01
-2.548510651591693876e-01
-4.128894591866077990e-01
-7.172393884857035662e-01
-6.991434545223201846e-01
-5.947156238330070233e-01
-1.243442355140250144e-01
-1.379869074357163550e+00
-1.330774902810104576e+00
2.428388703814107763e-01
-5.613277058900485728e-02
7.143187353757555202e-01
1.128248503129179459e-01
7.443514782955719111e-01
-2.017165909434303073e-01
-5.188983066684547119e-01
-1.056511410560613928e+00
1.286778758793295507e-01
-2.078717808478265650e-01
4.534844305532047537e-01
-1.187426072147332867e-01
-1.274228044899885059e+00
2.740400560636749305e-01
-9.178413925902287329e-02
-4.375342189830441764e-01
1.055230436312109887e+00
-9.898194497553192139e-01
1.841709584592212401e-01
1.621038044392644206e-01
-1.504243513098594831e-01
3.404667052720911080e-01
-3.030157701593813591e-01
-1.752162544634975894e-01
-4.213850277466860139e-01
-8.220672673490116988e-01
1.492613403644910963e-01
7.729132094202902925e-01
9.907161889459535908e-01
-4.259493355452481089e-01
-5.753449256957875457e-01
-2.998566518229918709e-01
-7.373938462852592801e-01
1.717364899357658181e-01
7.180589092412235086e-01
7.314246897425952243e-02
-3.620132618776995548e-01
-4.312624649583264858e-01
9.220310734295336652e-02
-2.396861887107218370e-01
2.006353228254086907e-01
3.607567310798225346e-01
-8.037691073720097668e-02
4.076518685890451188e-01
-8.872327160420919734e-01
3.627826020259475870e-01
2.913236667666116442e-02
2.234346409500124198e-01
-1.367841036093772944e+00
-6.068833913543518754e-01
3.096229146617435757e-01
6.851342985682317144e-01
-2.900834340840003356e-01
-3.443708370784969164e-01
1.781430179082282850e-01
-5.680707789046353096e-01
-6.146092721045356422e-01
4.260525283961674181e-01
2.627480114703363290e-01
-2.816931979636591032e-01
1.454039697123747032e+00
2.983504738169603376e-01
7.337127353119614337e-02
-4.908399204614333905e-02
-3.584857880261666657e-02
4.322248388088020810e-01
6.796943357660382157e-01
-1.141694033535984587e-01
-8.144712963596916211e-01
-1.777146917229684431e-01
-2.104418285876251127e-01
8.813813703423375445e-01
-9.872708941731197507e-01
2.928911683564062729e-01
2.258443525669252827e-02
-8.240221647475360900e-01
7.089392849130387031e-01
2.165362263303890478e-01
-6.302002790779006602e-01
-1.155530922235411123e-01
-4.441532607807686661e-01
1.215172358950116216e+00
-4.206041766415543615e-01
-3.027908145733201883e-01
-1.853820825498637692e-01
5.633431291867561086e-01
-2.044407042300974697e-01
-5.904865263803378284e-01
-3.565876703736233638e-02
-6.082970709876568405e-01
1.003396470430439447e+00
4.060531583652526866e-01
1.188065501261019952e+00
5.552064143219263004e-01
5.962329166131614677e-01
-5.723734467129815151e-03
2.180452032355162939e-01
-2.129230861922627172e-01
1.809277169068909674e-01
3.744983658894981970e-02
-3.289342074764112223e-01
