-4.333354744787275281e-02
-6.415387507543259815e-01
-1.945625530308425222e-01
-2.949733310193367042e-01
1.091043431113382756e+00
-1.464003175197532425e-01
-1.525625433786333307e+00
-3.536370443643568340e-01
-1.908370244675685334e-01
9.755599966426307112e-01
-8.201146976804430944e-01
5.335417366826022967e-01
1.144149204370896289e+00
-4.456196226803683103e-01
-5.659723722663614343e-01
6.169022717140848489e-01
-1.011756686160531826e+00
-5.199042688563739745e-01
-2.329144146782363700e-01
2.135239281001919953e-01
-1.032489605411209599e+00
-8.717745206162812455e-01
3.320242159265173743e-01
8.726805472544730824e-01
5.132388736475336222e-01
-4.705799236466303714e-01
4.697475796579930751e-01
-3.591722364994012207e-01
-1.204834640037953264e+00
5.208691463404953037e-01
8.290588783380065108e-01
-1.263191323296908308e-01
7.532390904691248501e-01
8.071449545986298935e-01
-2.405862817146809385e-01
-1.265023723674291167e-03
1.882035862507414614e-01
1.141080960146569678e+00
6.510693457096919934e-01
8.080557985324181569e-01
-3.887664487181683448e-01
-1.084725730295815760e+00
-1.881353751391066642e-01
-3.718995830688678339e-01
-4.735761864172572944e-01
-3.538923744038063868e-01
4.323040424800931869e-01
-6.855816646866564890e-01
-2.803582465378445798e-01
-7.066197168794705608e-01
-2.823979101088134325e-01
-3.291923712960559412e-01
-7.398115259363310381e-01
1.121820999655838369e+00
1.078060156428449490e-01
5.228775879809330895e-01
7.651225629773221737e-01
3.176301640458648046e-01
1.075334271671546604e+00
-2.019579650464415899e-01
-9.759693291521287506e-01
-2.951998887123146176e-01
-7.414883677584267474e-01
1.942223962494908640e-01
-7.127908086751888472e-02
-5.650185217922140124e-01
-6.702370182023914547e-01
-4.547341336216068619e-01
-6.543256866929990645e-01
1.465281535667435353e-01
8.490356835571688521e-01
4.586793903543269213e-01
1.062883969112660365e+00
1.640087367040810595e-01
3.341854421721718316e-01
3.432820611424681201e-01
-7.112848892055253502e-01
5.627727639037304330e-01
6.205845526855666705e-01
3.294045482185049001e-01
7.507303158261607878e-01
1.308486187891221286e-01
5.242961226012190501e-01
-3.537850924240474315e-01
-1.052690699090396559e-01
6.780447383683479989e-02
8.581474185895629492e-02
-1.992407886600010558e-01
-7.450567401798604550e-01
7.084773925791669758e-01
-4.832689480135078930e-01
1.222220415791966275e+00
4.240423876172811912e-01
7.254108383446955521e-01
2.614447911619519616e-01
3.108783538443418148e-01
1.101792701008310393e+00
2.241020451266490521e-01
3.279546402952501771e-02
-4.755958045660103883e-02
-3.014505885639119365e-01
-3.553700660729316452e-01
1.226719495868969112e+00
3.957887777375456717e-01
-8.412308854436021388e-01
-2.091028503582361975e-01
-9.885787389961877558e-01
-9.438078836735011579e-02
-2.062914604759356618e-01
5.898139557424054991e-02
-2.694287089766722043e-01
-3.573661911704440475e-01
8.597516517170964434e-01
-3.411380806250161046e-02
-3.121177155140745230e-01
4.124297394443412479e-01
1.799820938870858589e-01
-1.413127850330689217e+00
1.278125805070963850e+00
-1.755222712062127211e-01
6.332002715796710701e-01
-6.702142697579602237e-02
-9.741677026361159619e-01
-4.645806236454098070e-01
-1.401127927231064163e+00
9.079099584297540826e-01
-5.345743781891401092e-01
-5.390075095007563766e-01
-7.771689858185215627e-01
4.648156984822743309e-01
3.055152808469719927e-01
1.063776562883161469e+00
4.389628672750235383e-01
1.068409743064079764e+00
7.558322037376451474e-01
1.579477623927781904e-01
5.609801436931756147e-01
-2.610624524442375360e-01
-2.180787488868114465e-01
2.354524816752712191e-01
9.956067153488525889e-01
2.616238998989280362e-01
-2.185970913627988121e-01
-2.194441171257127676e-02
-1.618667398868369300e+00
3.399116477179930373e-01
-9.413342346666648819e-01
-4.304999293289770712e-01
-1.487017632042766380e-01
-1.105659624736581081e+00
5.366923927353457469e-01
2.853448893432328215e-01
6.032124282758916101e-01
-6.529856662487772967e-01
6.411135732754944527e-01
-1.198504605690468017e+00
-1.123423641888776636e+00
1.334239166688377276e+00
1.132148250582426297e+00
-3.675053475711670403e-01
-6.610596806846389395e-01
4.688499147378128451e-01
4.094672970351442842e-01
1.730236674085926796e-01
-1.427032207396141394e-01
7.409373193941104496e-02
-3.037781361614378950e-01
8.161980088243608877e-02
3.438706757187771079e-01
-1.013182373957165483e+00
6.356563708742962726e-01
-1.064020311265991170e+00
-6.860974958846074445e-01
1.757198927484697193e-01
-2.393988072743221951e-01
1.465343649428101636e-01
-1.707705749854396826e+00
2.224819544699443430e-01
2.283985899885719040e-01
7.253091983294731593e-01
-1.057561067024001655e+00
1.314986057644381423e-01
8.519906120948831374e-01
-2.253673807274284013e-01
-4.535829459086356819e-01
-9.530473449138250619e-02
2.027772457161728936e-01
1.535565348177027056e+00
-2.666284197284005675e-01
1.075721309517951862e+00
-1.295261946218019544e-01
-5.199371602012048399e-01
3.927716325064278813e-01
-2.372750712962201913e-01
1.847076176485513976e-01
-1.381734203486575108e-01
-9.547051600046181363e-01
-3.915448128941234618e-01
-3.983072682099251804e-01
2.980172013278369336e-01
-3.003366956241121377e-01
7.380561665304447017e-01
-7.876320406439157873e-01
3.451490201810732961e-01
5.173043029475155041e-01
8.650527328296696572e-01
2.219243182252662316e-01
-8.935442919545260043e-01
1.334478147483554089e+00
-7.249218277081843631e-01
3.180994838055151708e-01
1.175846389765088595e+00
-5.793035508341440876e-01
-1.907990116141736747e-01
1.221571002657408644e-01
-4.159200298631057779e-01
-7.734296367724380339e-02
-6.160234608944775703e-01
-1.157966244129061684e-01
-3.311625423730265583e-01
5.709511775922767596e-01
-3.066126382364570135e-01
5.907571381942589017e-01
8.481976899193651720e-01
3.866300292225954838e-04
-7.507806271480170768e-01
4.347348279067097532e-01
7.991602996537593429e-01
5.363080106255159185e-01
1.057672720085692658e-01
-3.142025113701681360e-01
4.931894323789379753e-01
-3.464439013735817197e-01
-1.812964868216332404e-01
5.086670215638719461e-02
4.589845751447576561e-01
-1.988217826183882320e-01
-5.775099285098211910e-01
3.804012988311901156e-01
-9.572591996324952834e-01
-2.078785125571521730e-01
1.004341268988668157e+00
1.054703124067528419e+00
3.999071704507360936e-01
1.088525491621560537e+00
6.620835128152233739e-01
8.323013215218048044e-01
-2.086151749747253148e-02
-1.428715878753626711e+00
9.378235593682103799e-01
6.984057678152879589e-01
-2.334803534723719487e-01
-2.582060709884816396e-01
2.062356631744715896e-01
-1.149312699790909997e+00
1.506714725280872413e-01
1.544083675193959615e-01
-5.818075635571837712e-01
-3.846635139095082589e-01
5.078606900362289123e-01
-5.628407218868454187e-01
3.784863527589911458e-02
3.778086609191155798e-03
-1.421711004393097499e-01
4.513866242735140588e-01
-5.745903469798871455e-02
-6.202014583752033516e-01
-4.213914144237052573e-01
1.247887346560397487e-01
3.970681856895955653e-01
6.305393370316199064e-01
1.322559313726234254e-01
1.033624367495595164e+00
5.755746209335290686e-01
-3.266754772991328770e-01
-7.505069964868056331e-01
-1.088075769019125616e-01
1.109408426925564850e+00
-4.053431038117611407e-01
1.427334602760375049e-01
8.934530205382514023e-02
-9.643521424353629357e-02
5.046641923061775392e-01
4.191451996999220331e-01
1.537472982610524064e-01
6.693473600968163906e-01
-6.279863801150128988e-03
-5.491475167830275894e-02
-1.464202815850879635e-01
-5.885543305009045545e-01
1.643915427956708364e-01
6.474912006417576915e-01
6.787589991889999563e-01
1.803016954768366653e-01
-1.352499243044317234e-01
-6.206577175957353476e-02
7.765062640192933463e-01
1.048928987712247185e+00
8.790548814164315106e-01
6.764757212824494825e-01
9.971037982740008077e-02
3.025687110715946648e-02
3.239551892380246323e-03
-7.141925620690813270e-01
-9.920678414968843173e-01
-3.131248141256720574e-01
1.352007989377028707e-01
-6.117018068199486791e-01
1.889063661203053968e-01
-4.603196452695412777e-03
-5.846557492214363716e-01
-1.229833975720995287e+00
4.389152217318763594e-01
1.873902344631645234e-01
-8.693379527816347263e-03
-9.395963580575149576e-01
-8.131972627797388053e-01
2.793769533167841379e-01
-2.289769367368163777e-01
-1.643918169180302036e-01
-2.678644856262796248e-01
-9.651584244504656240e-01
-2.604592424232038961e-01
-4.693988759968842350e-01
7.554236864008607721e-01
1.817253303673586895e-02
3.491108297896328150e-02
1.567296637975174267e+00
