2.562332996321194378e-01
-7.059894499681664826e-01
-4.411091269862224551e-01
-1.406876850321263084e-01
4.154342768411865006e-01
-1.872098205072680044e-01
5.786401697426464263e-01
-3.370325596979876354e-02
-7.500988382412077105e-01
1.043176955511269988e+00
-1.600849289323625357e-01
3.758427315293788040e-01
6.687066790474240074e-02
-5.283925217512051020e-01
8.969510118513619457e-01
1.301092647348736364e-01
-4.912274820294147970e-01
9.391288793622576403e-01
-9.589955507207834629e-01
7.205665552588849665e-02
2.868733334635694687e-01
-4.276391459027225617e-01
-6.369780240486530021e-01
-1.160143116957085052e+00
-6.375460421834506786e-01
3.442668630390888218e-03
7.440087908269685801e-01
-9.091272582591729545e-01
-3.325304746394482369e-01
-9.578901045096871458e-03
-2.704113856961917750e-01
8.999403508880687852e-01
-1.521693422617680369e-01
-2.988628342531820525e-01
-7.347687957060719532e-02
-5.180020668047129462e-01
-5.317866993260313979e-01
-9.602432641238181632e-02
-5.655867715691353936e-01
-3.493103737413473242e-01
-9.468133859337010683e-02
-1.273351646744163013e+00
-6.342495892711155214e-01
-1.023912055641882590e+00
-4.354025005625829503e-01
8.315160638647970393e-01
-1.112741325425376515e-01
2.165081996669613040e-01
6.757608590571064777e-01
6.806160146840699587e-01
7.010362485489671780e-01
-1.332977868657447829e+00
-2.524505289991786361e-01
-9.208125567809061218e-03
7.345484008708566548e-02
-2.055113888892972640e-01
-4.249865798234573888e-01
-4.130247194724764870e-01
5.693634961978433218e-02
7.723746854947521889e-01
5.036360166710264208e-01
1.141346712635959021e-01
-1.177595571628361620e-01
-2.405193659004479789e-01
-1.802813269105361937e-01
5.652907542226508486e-01
5.236276932352383895e-01
-7.110112051917488740e-01
5.868960323093808107e-03
-6.842123019318652188e-01
-2.975080150179902350e-01
-1.315497641385475980e+00
-4.641780838240337770e-02
7.275439243645195342e-01
7.564940374868133199e-01
3.235311862078289469e-01
3.938159637489047626e-01
2.942071916971253365e-01
1.999264511702666391e-01
4.400306818762325101e-01
-1.004028791076896909e-01
3.515926819675737613e-01
1.657061852248247757e-01
5.164689519581689980e-01
-4.371960401009701569e-02
-5.375449566752610320e-01
-2.687651784842427505e-01
1.578548413712479448e-01
-7.773693351907533522e-01
-1.765296511407761226e-01
8.203587507862828421e-01
-4.980170827894846441e-01
-6.816091341093586387e-01
3.087476389099085283e-01
2.528992287137152850e-01
-5.707203726543177424e-01
4.273905861485843838e-01
5.785265784660792443e-01
6.945035833053627705e-01
-1.150251668693568208e-01
-1.079836900344296025e+00
3.171252784297766691e-01
-2.310117525761042900e-01
3.644679991451540979e-01
-2.919085538367488519e-02
-1.519564408732078098e-01
-1.540234450199722827e-01
2.520578169176912464e-01
-8.047358060244772515e-01
4.298115227264451277e-01
-9.174885996042922987e-01
6.869605398297502497e-01
5.756374822495867738e-01
-1.371120650526262419e-01
2.269250406224364580e-01
8.865016685581524891e-01
-3.231162888817927792e-01
1.632027157419796426e-02
3.805576455976119044e-01
-4.261928089097701822e-01
-5.186821039796007254e-02
4.254448028860350339e-01
-2.450444753588687519e-02
-2.380286216835960367e-01
7.198378517306531776e-01
6.693062802253342269e-01
-9.254244884445356201e-02
-7.147383675897316380e-01
2.628145599369832164e-01
1.703042642779458993e-01
3.396461211550860781e-01
2.247314664620785885e-01
5.547569928308782733e-02
-4.300764974437698562e-02
-4.469881242543033983e-01
-3.439209118650734531e-01
6.810030804734390486e-01
-5.486901577607672387e-04
9.254505944826404984e-02
-5.024580105646510031e-01
6.470971084707994869e-01
-1.542093474071329628e-01
-4.401004614554179240e-01
-3.400191046144493412e-01
-1.030958066481910684e+00
2.043830006486950512e-01
-5.942276061388537811e-02
4.200434420814393444e-01
1.336000373397848717e-01
-4.445665431426704117e-02
-1.288743889517309227e-01
2.891951881285569348e-01
1.950069765011534229e-01
8.238542474527424386e-02
-5.974809199527808534e-03
-4.368086042691551873e-01
-8.413526105921786957e-02
-5.394177099121355567e-01
-6.562635326232396649e-01
1.195374786200139039e-01
-2.174520700549361363e-01
2.080960154258734707e-02
7.204474615812512805e-01
-1.537971817067422808e-01
1.652885615022983146e-01
5.106264842469374621e-01
4.351515632617466989e-01
7.423884011465500810e-04
8.097041072441615306e-01
4.953902628146106268e-02
6.898591933399047527e-01
-1.111675179669215918e+00
1.704689356004279732e-01
-8.723842848247802539e-01
-4.710839384294492338e-01
-4.970231539848111169e-01
3.929486847432204222e-01
-3.995691520032676469e-01
7.552025523457444045e-01
-1.523587136711543055e-01
7.298214555325412967e-01
-3.176922539190558670e-01
7.193630432702949884e-01
-1.017138234371783190e+00
6.947402459853722068e-01
4.566013315375179182e-01
5.731319530817708952e-01
2.901586601926633424e-01
9.561174485839286641e-01
-5.391444549042571088e-01
-5.515468476176591528e-01
-3.087188769032293556e-01
-7.549123919426119489e-01
-1.871274306610908600e-01
-4.670697724844083965e-01
-6.089717087527601880e-02
1.101954892376499906e-02
2.380872899111025065e-02
-6.181877733462112223e-01
6.277152358329041171e-02
-8.787077159130541881e-01
-8.197885099034356582e-01
2.537057042720600175e-03
5.367764298151326274e-01
-8.908031226022852800e-02
3.790987693716078022e-01
-1.067149583023063730e-02
3.793788359077142069e-01
-1.729097397696462424e-01
-5.758825034924558439e-01
1.823523414748541016e-01
2.031120165140150313e-01
-3.242239593042098300e-01
3.666198153397660087e-01
-2.415867638148200269e-02
3.466243407958853329e-01
6.167305544714429821e-01
6.777332220068510438e-02
8.175324289585819693e-02
1.455949993864519842e-01
-4.846188263796515350e-01
-1.653245213698928406e-02
7.771822063225238830e-01
-3.685952513624012328e-01
3.898104425589591360e-01
-1.126960311738623766e+00
8.380741104310600598e-01
9.324571897395955711e-01
2.998576862467807747e-01
4.389768121259495781e-01
-7.492233654995458236e-01
-9.975883504401650281e-01
1.762579758098626881e-01
3.450818129545712432e-01
-4.781915143408966840e-01
2.939537789008221380e-01
-9.215695238532015665e-01
2.878857859724389123e-01
1.525907118651059213e-01
-1.671838098555017416e-01
2.924823985329433329e-02
1.960315328609644470e-01
-1.552334791411948689e-01
9.431603173474181756e-02
1.179678425302681077e+00
-2.503281617182115393e-01
4.231361911282077171e-01
9.760311982325893254e-01
-6.278308615077288213e-01
6.368080790964024407e-02
1.624683594429292555e-01
-1.764213435771227190e-01
6.519621579233905728e-02
2.473577696108273105e-01
1.973911232466279975e-01
5.346893595120518761e-01
3.756317873577064148e-01
-2.494261706269956802e-02
7.141265705722629198e-01
-2.846940210553909334e-01
-8.186804894126529231e-01
8.314112643211369891e-01
-5.993161054472542215e-01
5.698446273110372440e-01
-6.051152607614148499e-02
1.559771590933647922e-01
2.168797227406507044e-01
4.236466028027444097e-01
-4.078129134407930678e-01
1.964688191697200326e-01
9.760637407393752962e-01
7.221390075005268416e-01
-1.421035010859640901e-01
-2.051498533348883324e-02
-8.936199645984852502e-01
-3.787215788821365337e-01
1.058537783280891098e+00
5.185121378196081432e-01
4.215507859555558262e-02
-4.393385968037845091e-01
-5.315800232251193247e-01
-9.006316654442043657e-01
-1.233985313144858875e-01
-3.970691778450066711e-01
-3.212078743911328527e-02
-6.033655772194584932e-02
3.902882047279116473e-01
-7.449550749134601357e-01
-1.757570301972594395e-01
6.454544354496694059e-01
-2.492383447087054282e-01
-1.803501710008617032e-01
-1.015331718214693923e+00
-2.288910954635064443e-01
3.213712974311774828e-02
5.088949066610122252e-01
9.114061541153144486e-01
1.238137567457807814e-01
1.816984447862066698e-01
-3.703377423712463368e-01
8.777148313928835321e-01
1.631499333813846153e-02
6.041728815865846647e-01
-7.064657826537350527e-01
-1.216486096843979320e-01
-2.955261644779310637e-01
1.970983275709898841e-01
-1.329623154019173581e-01
-1.336798342244090443e-01
3.336617116296222707e-01
-2.318503418588483411e-01
-3.961837331972674070e-01
1.577132661992722840e+00
6.711343966656710958e-01
-3.848251475456825332e-01
2.782273879676692707e-01
-5.618355564562195203e-01
-7.950617051717782102e-01
-7.106900497575421305e-01
4.367956784162376760e-01
1.346790651490919755e-01
-7.339334633828846766e-01
5.099854243030051137e-02
-9.134815910696608698e-01
-4.604322583058471086e-01
-2.929668880074356441e-01
3.846738429713608687e-01
1.818736007331262616e+00
