7.514376238351815063e-02
9.410101771475178900e-01
-1.309977629093070917e-01
-2.846164133994610879e-01
-6.328948006621906153e-01
1.820611293819532905e-01
6.932419846945231390e-01
-6.013666064886248330e-01
-8.913497036607673785e-01
6.142708928243945099e-01
1.071847518799314170e+00
1.544964524398699246e-01
2.722505135297740853e-01
-9.634603200229537034e-02
-6.832580743785766630e-01
3.735953762437888015e-02
-5.946345155268836224e-01
-5.721392131716646068e-01
-9.211250316663226467e-01
3.099287339959789778e-01
-6.114837007321966000e-01
6.061235202750274720e-01
-2.777447781460355425e-01
3.437455337314038184e-01
-1.020985693111185588e+00
-8.542596135354493248e-01
-5.653499945307779440e-01
-2.848857941331796595e-01
-7.029184425965757654e-01
-1.043264025507492920e-01
-1.019638979449098759e+00
-8.114022613753590907e-01
-4.297538024363941056e-01
5.671814838027880445e-02
-7.941526366918949531e-01
-1.662018787545584131e-01
-2.267577379423915684e-01
-5.832379478678902940e-01
-1.291169634331923999e-01
7.054177913756299878e-01
8.403412426607785868e-01
8.598361495303449842e-02
-1.536270688095695836e-01
6.745023384076953565e-03
2.938148293062178840e-01
4.558354900707832225e-01
8.951727602495407332e-03
9.416565151289256752e-01
-1.139995628598665378e-01
-1.032217955942035248e+00
-9.215959248705634099e-01
-2.910721798521629378e-01
1.912331643847123841e-01
1.102765639882144350e-01
-9.630049485939312648e-02
-4.272244488729378675e-01
-8.465377608520439079e-01
2.352134984429166131e-01
5.487359086404821618e-01
3.765124452084223083e-02
-4.209786381522986343e-01
3.485059213340933604e-01
1.022733711157766956e-01
-2.345114540600528596e-01
-3.158211073420695847e-01
-2.474682497845110407e-01
1.608576766026909688e+00
-7.859113146240579439e-01
3.328194853271244646e-01
-1.313757054430110260e+00
-9.845319849799010203e-01
-5.537331249433274927e-01
7.772852514519628109e-01
2.339725263531160504e-01
4.239914772518701969e-02
-1.070180665810562259e-01
6.208828273676200160e-01
3.886473700813244392e-01
2.750139561710083225e-01
-4.101544406845540891e-01
-4.208957603753994414e-01
-2.812938578467636952e-01
9.893825385762360369e-01
-9.134226867025602159e-02
-3.884831381056108590e-01
5.588604084119203064e-01
4.227858624522610187e-01
4.003882492230310675e-01
-2.907547972551433602e-01
3.220525462303305830e-01
2.375725982872358699e-01
-1.404316913534987832e-02
-3.049778386323259705e-01
2.972946867728645248e-01
6.743039241392939642e-02
4.755856786500120004e-01
1.068505529956838229e+00
1.356789422316318827e+00
-9.375549061953467045e-03
-6.356843435662432595e-01
8.401355107200584316e-01
5.671615083310412864e-01
1.104400472279951861e+00
-3.929048416960044254e-01
1.083957050754672746e+00
1.007874885729377779e+00
-6.583333980894991999e-01
-5.699575409810588855e-01
1.875806730197048244e-01
5.001715511024618088e-01
1.005157385438401052e+00
8.742445443881885492e-01
-2.370615554612179876e-01
6.746191660712506089e-01
-5.234235611928075294e-01
2.644849401298020319e-02
-1.048763325817691217e-01
-3.787341992431969562e-02
5.720930594510088840e-02
6.815378110928733690e-01
1.162897766097005903e+00
-9.688631649457200012e-01
-3.022136168216300600e-01
1.098447297703188941e-01
-6.883559895835374975e-01
7.825342974539550855e-01
1.116013762597070524e+00
3.235063163932963004e-01
1.045649051138527463e-01
6.652343088987607844e-01
-2.699324425357103596e-01
8.052359342148265320e-01
2.524423894586011463e-01
-7.069782295089870328e-01
-3.095033163585785840e-01
2.235774033853589748e-01
-2.511079440044352573e-01
3.423181710578897530e-01
-4.283849062488864212e-01
3.976073126568905325e-01
-2.810015235818327795e-01
-3.506641551779690058e-01
5.873108410536250767e-01
-2.658715167238419608e-01
-2.638772532955805938e-01
-1.389547050870584555e-01
-1.136856529552330297e+00
8.212661004686652166e-01
4.766684590423155843e-01
1.255618341482757638e-01
-6.291978107416701382e-02
4.107493820881222280e-01
2.968560109973108485e-01
-8.136684262582641325e-02
2.872605557607869065e-01
3.299502237631767865e-01
8.866785572208577548e-01
-2.910069092464440121e-02
3.085889123550208391e-01
-2.996986836181819713e-02
-1.779397492141476800e-02
-3.375623704346948362e-01
-2.243658272595935588e-01
1.973472463208022498e-01
-1.750591304216259081e-01
1.554245617326838191e-01
-1.753057076944166126e-01
4.143288734857873967e-01
-6.069369538407649589e-01
1.509872462088205913e-01
-4.174118793774762581e-01
-8.239975980840774650e-01
8.282189387610404685e-01
2.358030524624373236e-01
-4.737547318339856983e-01
7.033873456981939443e-01
2.140983615538954166e-01
7.309986987340322262e-01
-1.387513926219207383e-01
4.696506115640538548e-01
3.947875549833595454e-01
4.094440900814953488e-01
1.168133783830579198e+00
-1.181421354319264205e-01
6.681540915667149028e-01
-5.457693353510694179e-01
-4.522184159268407000e-01
-4.414190383871507972e-01
1.642106118723266617e-01
-6.564451489852476951e-03
4.361994830868978767e-02
-1.545482829354485332e+00
3.055511238327658363e-01
2.273091781368350162e-01
-2.764206426101674108e-01
-1.178563495191460309e+00
7.937831175922924754e-01
1.102314638824737347e-01
4.620985547946267480e-01
7.855607767870674829e-01
7.870750845790014383e-02
1.063300883603843783e+00
-8.875740254670418938e-01
7.068698958301256052e-01
4.158373724185792097e-01
2.902849158216945225e-01
-7.249620089581610971e-01
-5.158484616409775292e-01
-6.749351768698378384e-01
-2.605100965329386065e-01
1.420435763897320847e-01
-4.702772574340186029e-02
-2.318644552506238521e-01
1.099015818690654234e+00
5.930217286533570054e-01
-3.921130672915623672e-02
6.347090199486836726e-01
-8.693008090891294337e-01
-9.511123866486176359e-02
-1.152362806421460384e+00
4.975292887456821411e-01
1.676214662492248042e-01
-2.912446060980684870e-02
1.392516050288422624e-02
1.230676539798233993e+00
-6.073454457651804583e-01
1.164273259290804052e+00
-1.003519361752850947e-01
-3.071234956288714235e-01
9.482898931000537379e-01
-3.200124643925037482e-01
6.137794929242050834e-01
-5.851825247442297984e-02
-7.628752120914270574e-01
-1.320736012517788049e-01
2.879768082231143889e-01
-9.955738291204561941e-02
5.861376707125074415e-01
-4.422775334157938443e-02
-1.241701825436870354e+00
-1.268118299225184653e-01
-5.783314482471242357e-01
-8.141503691475804327e-02
1.499149549919252422e+00
6.080855473578786752e-01
1.046106214198659901e-01
1.888316254160127827e-01
7.845432174049481455e-01
2.553819189558415026e-01
1.188047201948313258e+00
7.085039927082678046e-01
5.560220914035138851e-01
8.914092791287392403e-01
-3.945812095650410578e-01
-2.935821245720233175e-01
-1.346724437835656318e-01
9.984995438260528822e-01
1.927825845210962563e-01
-1.372459894232680444e-02
-5.134048806143823862e-01
-7.038598422061648208e-01
4.925541032696170163e-01
5.624400443967146890e-01
2.935757344430278692e-02
1.583486692707723187e-01
-3.622620567475889342e-01
-1.387651652833356564e-01
1.263846430866145676e+00
7.303329852968351021e-01
-8.827586531303463491e-02
4.492407727542739870e-01
-2.392372643955076317e-01
-6.607834964035259606e-01
-3.000533689599441667e-01
-1.895979227640774312e+00
-1.357232709254214020e+00
-8.502467799592360043e-02
-4.030393195778716464e-01
1.086239520107073586e+00
-2.329134345856033184e-01
-5.481178994660294845e-03
-2.927585984698604094e-01
4.539449641201602215e-01
-3.011972505027930014e-01
2.213565897151877071e-02
2.417467936323769440e-02
6.916435349730398752e-01
1.381985536457614183e-01
2.723796768379262989e-01
3.864008625754237758e-01
3.359001445640051875e-01
3.042815834601336200e-01
-9.168933736482173247e-01
4.169272192920585596e-01
-4.439450408515722701e-01
2.684765920591258848e-01
4.774153731462441042e-01
-3.634047009805149164e-01
-4.078315012420775654e-01
-2.758293562287267853e-01
-7.136430545967131778e-02
-1.991702393073658262e-01
3.578288921195024175e-01
1.556134068805168913e-01
-8.885715657849790894e-04
-2.390246856900863914e-01
-2.173204306146293563e-01
6.930537720376984678e-01
-2.947694871243999870e-01
7.111289516054256077e-02
-7.767417212565091988e-02
-9.451658141301666483e-01
-6.532670346954992935e-01
-1.214518606450482263e+00
-1.681378519844340391e-01
2.675025427697515501e-01
-1.712113142763351248e-01
-2.848185257098932721e-02
-5.683351364065051259e-01
1.527666667359909303e+00
1.942128945527726025e-01
9.173783265597477143e-01
2.682314332781497446e-01
-3.585923923096571708e-01
-8.003349623898053933e-02
1.078980495267943596e+00
2.186565708774036443e-01
3.517564657141267759e-01
