-1.565909378174712985e-01
-5.281586779667523102e-01
2.267478772989189872e-01
6.755374535320429752e-01
4.222527406757318191e-01
4.272103303599317226e-01
2.684984379249585329e-01
5.790128709436134780e-02
8.002899221369601523e-01
2.410647017956880078e-01
1.074626792746510850e-01
7.710661047729144846e-01
9.810269681221838178e-01
3.396761430028847895e-01
-4.433138603431858171e-01
2.007568084962738086e-01
-5.868052225936446487e-01
-2.155052099522412334e-01
4.016380142563769073e-01
8.704250057032717480e-01
-3.899327187669228700e-01
-1.276918241728968395e+00
-9.834443809802895231e-02
-1.273735011927984440e-02
-1.317204637589098226e+00
-1.019128129918555725e+00
1.039148769214157664e-01
-5.495641634967339817e-01
-3.003225286540841532e-01
-1.204460715079890276e+00
-6.565069121079829262e-02
2.340444147460947200e-01
2.203938013280558050e-01
-3.226305609654515072e-01
-2.274799801132273425e-01
5.207315247654903390e-01
-9.274500621234310627e-02
-3.808035394844004884e-01
3.160124000315061576e-01
3.818423716148865443e-01
-2.275565068715576234e-01
4.681763239531034348e-01
2.594405262065491158e-01
-1.117652783771786174e-01
2.392572388533456273e-01
-9.974761790721400345e-01
-4.220215256706729701e-01
6.853288918954141273e-01
4.939954920274594596e-01
1.028494262617913213e+00
-1.208524270517100430e+00
-3.553667974569806320e-01
5.680156790599155681e-01
5.856392725136978505e-01
-3.078179304519941539e-02
1.378915792331600887e-01
-7.022113490948493908e-01
2.200853375951147550e-01
-5.929751436469098413e-01
2.143418050839118461e-01
-5.943085341932003995e-01
4.374813528271261354e-01
-3.868474476062568335e-01
6.377315045269019711e-01
5.420996444607366627e-01
8.489393505182575295e-01
-4.332384705901167754e-01
-1.003921953597760153e+00
-4.681035793065947415e-01
-2.762935222409020897e-01
1.785014636635971486e-01
3.976046698857314543e-01
4.560610037174344655e-01
5.652075655911183993e-01
-4.627589765718224946e-02
3.487933355671110069e-01
-8.444847692206474132e-01
-4.543422503568085302e-01
3.607096201317100403e-01
7.004590408757315201e-01
1.277182235170062574e+00
5.188024723774445901e-01
3.352901570581605095e-01
-4.911227810023252593e-02
-6.951075306687819477e-01
-2.521383957749492311e-01
-6.909046200962757345e-01
-2.342189234298998335e-01
-3.104716492977285802e-01
-1.332912031843410006e+00
5.534216672561140249e-02
-8.618990601947636998e-01
-1.511841412584558952e+00
-1.267609846857481015e+00
1.073527601296065503e+00
-4.018321937445756831e-01
-3.198887676150198311e-01
-4.284754981021499098e-01
-3.441845226551908388e-01
-1.619711615318193687e-01
8.480712584372009921e-01
-1.318403834605501590e-01
-4.357348749061550341e-01
4.787119483367717754e-01
-4.937022237833582627e-01
-9.022126700599572557e-02
-4.216372717035217210e-01
-1.165680053984195830e+00
-1.758402107083812116e-01
9.034001698523161927e-01
1.588928692199739756e-01
-8.292304361673221713e-01
-6.641252633847301023e-01
2.863365786849100814e-01
-1.834217495126917452e-01
5.904710031940504367e-01
-3.027690527093833683e-01
3.389471467243371228e-01
-6.146000357308016582e-02
-1.346619903277136210e+00
-1.175729382261003098e+00
6.483481902139566211e-01
-5.515211686448170392e-01
2.234709715157070509e-01
2.792495248858773427e-01
3.732804356530969869e-01
1.850028264965630220e-01
-7.194392683399148947e-01
1.003726651041312312e-01
1.991359822670643251e-02
3.696888725986864632e-02
-1.479413626260530634e-01
8.904225507845461296e-01
-1.074490875910147358e-01
-1.663071898855142117e-01
1.252824945094444253e-01
-5.093691929911210448e-01
5.912374310064483218e-01
7.934462599835412355e-01
5.644665097129073494e-01
8.512763968773455758e-01
5.430236315554195503e-01
-8.948788836631647037e-01
4.451473134674324150e-01
-7.145658186490896346e-01
1.024465951760743287e+00
1.018572671872747248e-02
2.235710208774303320e-01
3.370010595759556637e-01
-2.794219728238745981e-01
1.263223245249707749e-01
-8.843560626364362076e-02
-7.974150270666867379e-02
3.690328282351920119e-01
-3.002486974211334703e-01
6.563229523585920600e-01
-4.166642227113412922e-01
5.661721596168998172e-01
6.370302857765653970e-01
1.946517552405456486e-01
4.141935497960237689e-02
-1.340257843920102943e-01
4.172849913974185920e-01
-5.576339014792537352e-01
-8.177905484861947016e-01
1.735442473915720374e-01
-3.284505091982360958e-01
-5.120537884849091226e-01
-1.554181508085429042e-01
1.734735979847512599e-01
-3.058471283172186084e-01
-1.054015593554198382e+00
4.687487023110131767e-02
2.839176323788170642e-01
2.812374091083907901e-01
-1.845807641414603795e-01
1.605013679730483978e-01
-1.843653496671978920e-01
-5.240734776388640270e-01
-8.014888423101812487e-01
-1.272291459216275289e+00
-6.420373770803197710e-02
-9.601190135242325674e-01
4.367136116486992070e-01
8.024168996970613144e-01
-6.537167602254517762e-02
-3.525623117871299339e-01
8.505787559707627121e-01
-1.076309083407059886e+00
-1.295193362908916013e-01
4.645852527360679884e-01
-1.290871300766186947e+00
-4.754256938796608267e-02
-1.221977373365543962e-01
-5.187733555985466483e-01
-1.610065770321793821e-01
6.155981436802175910e-01
-1.178053517207981876e-01
3.657114553830237424e-02
-4.160332425156928471e-01
2.443029772227290897e-01
-7.986490111470986863e-02
1.921382451809694469e-01
-2.171058154479879043e-01
3.229891570841531556e-01
2.131863407552031797e-01
6.015468279491797965e-01
4.337251183642270580e-01
-4.583134574792921412e-01
-4.491369718249453857e-01
6.366002593985790881e-02
4.606967466299007330e-01
4.729829137563015817e-02
5.139854585845414769e-01
-6.190511858187952576e-01
-7.383365644139506800e-01
-2.957060536102468218e-01
6.542546717231936260e-01
-3.850115581422082212e-01
6.931629678707793563e-01
4.129630464303678528e-01
1.249037266961989578e+00
-8.592490026177390661e-01
-5.041119581635876701e-01
-4.479688936158219836e-01
3.779414136474537056e-01
-2.063361742290542311e-01
-2.885646207991158785e-01
-7.365332958012728026e-01
8.028727151287683439e-01
-3.338709517770020452e-01
-4.929391299355099787e-01
2.368798555109828397e-01
8.340319606763588745e-01
2.491469449518686208e-01
-4.954332519032060844e-01
-1.766707853883719426e-01
-3.128050838090210006e-01
-2.317459829924894410e-01
-1.242260076448872264e-01
7.734762449411052287e-01
1.671747235470034010e+00
9.754978018997131350e-01
7.820391247579168148e-01
-2.914690408598933913e-01
-3.294700793663852822e-01
2.577559354779222489e-01
-5.676832431449979621e-01
-2.420479567665682341e-01
-3.878829002598283560e-01
5.358534431100682172e-01
2.873676399569510265e-01
-2.155357649121173724e-01
7.942393078801772421e-02
1.831597719971623517e-01
6.967933214773095463e-01
7.779441166826464582e-02
-2.476419066852766568e-02
6.343197313357809008e-01
1.785370818484677491e+00
-7.623829502441942241e-02
-2.442434676938333993e-01
6.117605486314570129e-01
2.056939388768961804e-02
3.196075172824062727e-01
5.528546329854668873e-01
-4.179014665351824531e-01
-5.216546752094226580e-01
-7.064864079496926408e-01
-3.787321336432341035e-01
-9.757775444296844514e-01
3.990792776751481696e-01
1.592903807396435500e-01
-3.420589352973644748e-01
8.109760943579925885e-02
-7.455701172596758131e-01
-6.673220531402687117e-01
-6.231664233859598306e-02
-1.359047210723490218e-01
2.367703258755864404e-01
-1.102618822113187846e+00
2.714054050892636960e-01
3.271216330315228626e-01
-3.894026313943554918e-01
-4.644999221612805540e-01
-8.174005914876940615e-01
-4.395531714264423462e-01
3.896830507611444283e-02
9.376810222016677132e-01
1.206214658994733568e+00
3.019858739952290816e-01
-7.574963823603719781e-01
-1.868599931304908979e-01
3.484509337399877560e-01
1.423585907202243872e-01
-9.037155278915150192e-02
-5.632855461081038434e-02
1.008615956591807916e-01
-7.880468052918683242e-01
6.060731446864461303e-01
3.573908973340038653e-01
-4.809220077509835378e-01
9.223520341143378598e-01
-2.656435198426886357e-01
2.798609119303283044e-01
-4.842586675256995710e-01
4.320578064068376078e-01
-1.092663938134836421e+00
-5.943470963955297393e-01
8.069977499044211910e-01
1.802458080279719932e-01
-6.519593994908397250e-02
9.067759211732967506e-01
-7.352075634485097377e-02
2.623425579801526020e-01
-8.189376671245939265e-01
-1.609495179839268153e-01
6.838915488211644300e-01
-1.071421490855057335e-01
1.346965583157613833e-01
-1.246416585875491367e-01
6.903310616887405882e-01
-3.563495106376779464e-01
-5.562999415848833840e-01
-2.201824082573199115e-01
-3.875502899595920647e-01
3.145288319686564416e-01
9.029598641820234528e-01
