1.875990372210436796e-01
-6.520824718745744653e-01
-6.380488509776559569e-01
3.478185183955435633e-01
-1.771129648081562757e-01
-3.680409338623167326e-01
-4.899058494151595222e-01
2.754666679558956388e-01
3.419197220777143720e-01
-3.114276145433490794e-02
1.761173697221236067e-01
1.657351212445752064e-01
-5.521427685394734164e-01
-5.398868426194806114e-01
-3.631527039490488606e-01
4.510707840594401635e-02
-1.901934675091490612e-01
-3.385877218420737522e-01
1.813142069992029759e-02
-7.818180112740846788e-02
-7.376961516352691373e-01
7.137742049752766604e-01
-6.394740462715488016e-01
-6.871259393364393953e-01
6.591435440785949895e-01
-5.097703258401354437e-02
-6.945132158873996708e-01
-9.113451129999864397e-01
-8.443571451100996272e-01
2.829966164225085068e-01
-9.664537953236036483e-01
4.090695908589748742e-01
4.594422875017196706e-01
5.848056071919583987e-01
6.861881084842572642e-01
-8.982788330182887027e-01
-1.301360422769659575e+00
-2.908678588048261848e-01
-7.556190884456143175e-02
-3.250799810255270983e-01
-1.931696914871381399e-01
6.333703852686405067e-02
-6.746276374246468199e-01
3.648560783820151698e-01
-6.699510692189256655e-01
5.265880976868495544e-01
-2.602947925773915760e-01
-2.139139783001414719e-01
7.979429285164496566e-01
-9.693764875782618917e-01
7.437141949966423748e-01
-2.301197471231894165e-01
8.024169367771107897e-01
9.009823488982771078e-01
5.655851744021477279e-01
-1.009358533055001589e-01
-3.227542986886894338e-02
6.994599900566055295e-01
-1.063964361492289346e+00
-3.620484835645543242e-02
-2.162415895836017066e-01
-2.479703368046922707e-01
-6.081978366001626890e-01
2.360131613898243663e-01
-1.097415032023752790e+00
1.186695616501916017e+00
4.871903417701909933e-01
7.004080686611811046e-01
2.678678168133000748e-01
-4.711848900782191762e-01
4.396984534023549163e-01
-5.830883395333060770e-01
-7.751568452431487621e-01
-6.000265921935243885e-01
-6.949339231728086652e-01
-4.661859370617879583e-01
-1.882938350313239639e-01
-4.601418336703642087e-01
-1.058120482443893673e+00
2.213293569847989972e-01
-5.548991536911055400e-01
-1.569067191447263421e-01
8.281605757778635057e-01
1.350118081356025179e+00
6.084893962779510668e-01
-8.632386658344375352e-01
2.565182522436292301e-01
-8.401928605475122991e-01
1.342605631177687719e+00
-8.637759014565620230e-01
4.193719850888422140e-02
-1.495519024221599880e-01
1.464047012366260780e-01
-2.722716999564084306e-01
-6.444051711284402018e-01
-1.117993224783498385e-01
-9.569897777896205771e-01
8.505732247246646782e-01
2.688744124125012624e-01
-3.116717079743932528e-01
3.409053347560702663e-01
2.788942098088267318e-01
-1.619103546667723381e-01
2.727695794443310562e-02
1.027770186721908008e+00
-1.657628436006653994e-01
7.913164472144736949e-01
-4.249579316643440352e-01
-7.400058492633005969e-01
-1.849777767617502844e-01
-5.839588443576700927e-01
3.726664484728101634e-01
4.734493546942660780e-01
-1.211777788253338262e+00
-6.193683299070815718e-01
-4.533421284075097035e-01
5.316207996061725893e-01
4.628627606499193248e-01
3.996922083656934133e-02
3.843597247799492300e-01
-1.231456844514116078e+00
3.438183107440636599e-01
-3.657062966537392712e-01
2.988301788925663560e-01
-5.448956749943905109e-01
1.776070728229105500e+00
-2.682501596325267412e-01
5.180461413537959525e-02
6.302343861318800977e-01
7.076243645347013445e-02
5.276585397436648339e-01
-1.809262750897089322e-01
-9.162740245791385352e-01
1.202396424008296272e+00
1.723812720381237840e-01
-6.121572716147539728e-01
-1.662325623799512653e-01
2.556022633132304378e-01
-1.288178036126204351e-01
2.217003378048296169e-03
-4.875972997259447883e-04
-7.836294420796753313e-01
2.520197245525968577e-01
-4.784113298946492954e-01
1.083151666663124235e+00
-2.058617843123104474e-01
-7.895637590491771940e-02
-5.979036708523852717e-01
5.175645167068168018e-01
-2.348267691356986653e-01
-8.023249173122668498e-01
7.188804794335399428e-01
6.773952146676039954e-01
-8.683961141381758564e-01
-5.611132485340941667e-01
-5.498605588019861434e-02
-7.023497693671293396e-01
-3.733275879368232464e-01
1.052220300747140236e+00
2.892260227779492876e-01
-3.349026942108082050e-01
3.044493902756700288e-01
-9.868752981107168365e-01
-6.624537618529012795e-01
-5.975837844907094798e-02
7.540813208488053032e-01
5.298698141872875134e-01
3.079141410814998370e-01
6.599069777301399542e-01
-5.057400511418067707e-02
5.748509831648995760e-01
6.379880806519813152e-01
7.950019550350408970e-01
6.744592724736371281e-01
-8.650616431252187155e-01
-7.705437559688441684e-01
-4.127239768233465500e-01
-4.056357269320289283e-01
5.834409460424609950e-01
7.086771007896008889e-01
-1.049584684834232284e+00
-3.215436290560678145e-01
2.731817658562855078e-01
-6.667315062448653240e-01
-5.394301768682697729e-01
2.073757834098007569e-01
5.706797320180040378e-01
2.136533787505442983e-01
-5.320396100788674643e-01
-5.241120160636356662e-01
3.500889938701669951e-02
9.088364721789224387e-02
6.894234771976124332e-01
-1.797329056374301071e-01
-1.146927308614710483e+00
3.724708223797831286e-01
-2.856290405660126264e-01
9.559575929066468358e-01
-2.493767278798003362e-01
-6.636014413672279566e-02
2.775073294587482309e-04
-7.872958290874762510e-02
-1.136769243030771204e+00
-2.501225875931801235e-01
4.008186306191737769e-01
7.271168072719777498e-02
7.750819594344546815e-01
-8.708865080829670813e-01
1.348557838788813301e+00
-4.725567949171560755e-01
-6.992533141163720378e-01
1.170145526435806271e+00
3.183803298798584258e-01
6.887737137600803417e-01
5.357202193392746059e-02
3.486959113688055667e-01
1.579679654022765611e-01
1.990967881174340315e-01
-5.478604870437327884e-02
-3.412550502716895640e-01
1.673559003954306623e-01
-4.736690747203017304e-01
8.871771470363710721e-01
1.846765117380839427e-01
-3.126652379354322719e-01
-1.944728378698727944e-01
-7.823328012882349025e-01
4.362901408499791356e-01
-9.364031907351424433e-01
3.278531894121989865e-01
4.810204104295066063e-01
5.446622276545985963e-01
2.918782523399958140e-01
5.370878146024185007e-01
-4.774681330005832169e-01
-2.667839031729582477e-01
-1.279452797880559489e-01
-3.413364123104747905e-01
-3.516547921142710309e-01
-5.414926335754779441e-01
8.023537103672290227e-01
-1.292359134970276990e+00
4.050726329970379958e-01
3.916993549724527846e-01
3.540471580620592751e-01
-3.584613657523444408e-01
-1.174008536915416290e-02
6.775538786202262020e-02
2.514684816187060523e-01
6.984163125921152848e-02
-4.467078369712878527e-01
8.597894358041866525e-01
-3.585241795500734296e-01
-9.102087815705181550e-02
-4.319936383066916852e-01
2.297855596338669593e-01
-6.144618412862368206e-01
1.367058513258775365e+00
-2.132420918327089243e-01
6.407420654705100471e-01
-3.198963254921850519e-01
6.616773912216440401e-01
-7.833098984607498316e-01
-8.771793094015101211e-03
6.888259088733530433e-01
-4.055030801152093023e-01
-1.402225342292687804e+00
2.301816157661397966e-01
5.379627880633364168e-02
8.931374994804266443e-01
1.403850609800127158e-01
-7.713925417181122235e-02
3.684717881948763041e-01
-4.851854812525274729e-01
3.153011266250042022e-01
8.501017399005702524e-01
-1.249258035687923069e-01
1.991550063354868283e-01
2.860188344542196059e-01
3.528548109492002927e-01
3.110245056751669013e-02
3.870027508140417849e-01
1.398433954678325541e+00
1.838318151423247171e-01
-2.654678558481424200e-01
1.938094702042933437e-01
4.887116091073382962e-01
1.325531351954926329e+00
-6.438413664837322470e-01
-7.631337391369441558e-01
4.455308918235196813e-01
4.607001129557861674e-01
4.055871042330798648e-01
-1.804196914436772270e-01
1.043363110428267904e+00
1.567267340346391036e-01
7.138833153698365130e-01
2.220149519623240142e-01
1.628064066677263610e-01
-8.174471038644841592e-01
-3.993074918474152080e-01
5.062444124416586311e-01
1.578994754923435107e-01
7.626950580898250731e-01
-5.172649426908239034e-01
1.576191310214165170e-02
-2.262204688109754336e-01
-1.695640430500140045e-02
1.943387000521647201e-01
-6.203678556673131173e-01
-5.396879357658316279e-01
-1.547159194968386609e-01
5.739360943258384751e-01
6.944897773165551458e-01
-5.456077987082652569e-01
-1.206015409008412420e-02
-2.458442386136766578e-01
1.042337056529337946e+00
1.773584834624971907e-01
-5.331684593505450070e-02
4.796654243883211044e-02
2.085865900549313257e-01
-3.432918279733907507e-01
1.386536215832417929e-01
-1.634523246585412926e+00
4.041378402718329710e-01
2.919178734998864599e-01
-5.461301052275210344e-01
