-6.460695758026895330e-01
2.636497515922628043e+00
-2.255227893052563548e+00
3.691700567928782872e-01
9.944094588459204687e-01
-1.434264691208559483e+00
-1.280007837419206707e-01
7.607571117691513951e-01
-6.032097206740916207e-01
-2.123605236127990570e-01
1.831470043880200738e+00
8.292836993574567162e-01
2.917619941784863613e-01
-3.638435382230675308e-01
-1.371637197086994497e-01
-9.770794498975247100e-01
-1.598253585535536203e+00
-9.012682120294244204e-01
5.320085942401953094e-01
-1.840828405318269301e+00
3.796188090813902294e-01
-2.138551013297981029e+00
-9.016374134165535681e-01
1.656247040814188942e+00
-4.451417630242635592e-01
-5.367468080427754140e-01
1.593033839763224879e+00
-1.996657025545528485e-01
-3.720112325893966676e-01
2.879532874474634574e-01
-1.338726604227945982e+00
-3.267506868989877855e+00
6.112809904358510460e-01
-1.356340319965431807e+00
-2.342421932172460974e-01
-8.947697743553741923e-01
-8.547538795630835740e-01
8.473476001827384696e-02
3.452104078222670847e-01
-2.289607679512223548e+00
-2.232872973983144327e+00
6.167978057520259183e-01
2.682643809514168032e-02
9.342203541367837261e-01
-5.345324881180437693e-01
6.183789509113052363e-01
-2.412896292784457442e-01
-6.372570770728480660e-01
5.386973629981286482e-01
2.631655309443367230e+00
-1.814316699081359285e+00
2.042853081561262663e+00
-1.306059570055813523e+00
1.135307791789909482e+00
-1.434428084086746047e+00
8.498130473482401470e-01
9.658872952265380452e-01
5.699963878126790284e-01
-1.050070594534423307e+00
3.304329788781117383e-01
-1.607728724441904511e+00
-1.124940156147090198e+00
1.373833778220557959e-02
1.064875249456855438e-01
-1.024926368972759239e+00
6.788784451478480086e-01
-3.012723440509725292e-01
1.335303666688328617e-01
2.196354629913105372e-01
3.332617944869872284e-01
-6.618721110603820179e-02
1.134411189638992568e+00
2.215648506488414160e+00
1.183197607314545152e+00
1.769397626400165624e+00
-7.757582511195311170e-01
-9.007418427394406901e-01
-2.639687428901182908e-01
1.097479778180255439e+00
1.241587246889002127e+00
2.712158694200730857e-02
4.072037891066861426e-01
4.633901931233587734e-01
1.018561297192877690e+00
1.880584257710078977e-01
8.135789033444831286e-01
-4.074257512292304151e-01
-3.444789614209549100e-01
-2.162773548472006757e-01
1.483280565822644004e+00
4.514337740886985029e-01
3.494150500891390898e+00
-1.825225740518678030e+00
-2.954728510058896029e-01
-1.417514014832571556e-01
2.101520905554812024e-01
1.489698342332647529e+00
8.643279062151978942e-02
-3.900221377580668225e-01
-5.813131757730162219e-01
-5.722422619102328356e-02
-4.049262857163214990e-01
6.357940050014996292e-01
3.259307891367185794e-01
-2.098913369496340664e+00
-8.376485331121223954e-01
-5.102876371476340323e-01
5.197565271564053013e-01
-7.555626257515218880e-02
5.833087256758138217e-01
-5.573785577174152905e-01
-3.235358773496260221e-01
5.627796397359106084e-01
2.401499850947853787e+00
-3.899541952110237908e+00
1.015666690501626945e+00
9.272330549059352167e-01
3.645572830919343588e-01
1.043177770850644448e+00
2.846835845863847636e-01
-2.953082059819680527e-01
-8.031496810213298310e-02
-2.202356437666951106e+00
-4.386467014607658976e-01
6.026415774682076787e-01
4.074790236236862651e-01
-6.568141906832738464e-01
-1.461908462078127080e+00
-7.243219327357406367e-01
6.829846248948394649e-01
7.282023128759340658e-01
8.970690177391196229e-01
-1.650740205092408930e+00
2.281856352471139715e+00
2.280772393510651863e+00
-1.655605714918776117e-01
1.448351001028801655e+00
-3.216530624945290184e-01
-1.506786944388982752e+00
9.094207485127839830e-01
-5.692013486719669224e-01
-1.016128982669092462e+00
-2.391419574693292027e-01
1.313963866264477032e-01
-8.232931032418275841e-01
2.766885711359501343e-01
2.104481770383569206e+00
7.445026951367659240e-01
-6.829507778189852774e-01
-1.251143198225565190e+00
1.015851994581157491e+00
1.010491336390802353e+00
1.058277830092913652e+00
2.812971845422483685e+00
3.282076363269417207e-01
-1.383343971466110212e+00
-6.275678605238655949e-01
1.743850959263978817e+00
5.553956940295450284e-01
5.800796140973840664e-01
-2.030720951787397421e+00
8.866439820424198981e-01
-6.329769130153266588e-01
-2.557970239792560219e-01
-3.043331018536813981e-01
1.612024743499649526e+00
-1.931799316346369366e+00
-9.146954199849197664e-01
-7.052130298956884591e-01
2.497031883675072672e-01
2.194884567599788117e+00
-1.682983238561801986e+00
-2.476639489704285158e+00
1.428879587819198882e+00
4.392737601271220482e-01
9.268692311611015366e-01
-9.978921341707700510e-01
-4.045715644777880371e+00
-1.535711559185372721e+00
2.824795129783643777e+00
8.261573219477778007e-01
4.784264956829288318e-01
-4.358988164164546708e-01
-7.110257696819783924e-01
1.630869394602367795e-01
2.457881299062238956e-01
1.621287017524817853e-01
7.286737825519059575e-01
-7.621254537738032520e-01
-7.024329912187123881e-01
-1.341046067948262532e+00
-1.753769876914948789e+00
6.821520958480942198e-01
1.645511732699120433e+00
-5.831964569744624294e-01
3.041079622505364621e-02
9.917967468239901052e-01
-3.211860522633275483e+00
-2.863339389775566568e-01
5.498538912691787461e-02
-1.517366664260673348e+00
2.389419339800623820e+00
5.405976720249047185e-01
-2.410289507148545507e+00
1.137179506547723040e+00
4.259414692803560887e-01
-1.051541846325321661e+00
-2.040640800360978613e+00
8.462691717507908606e-01
-8.448686353803263049e-01
-7.071351308313936768e-01
-1.171755265137124358e+00
5.764568500786815264e-02
-1.182269009814448824e+00
-1.563935643235993267e-01
1.762972939436352249e+00
-3.544416665449627302e-01
-4.805737775388411182e-01
8.802380658819876080e-01
-5.930215486810067604e-01
4.669715364246157518e-01
1.126453109795983176e-01
1.528637659006123251e+00
6.019199798167897963e-01
-1.755585376206664883e+00
-1.357020942100666261e+00
-5.053188659453217157e-01
2.991538395040275189e-01
-1.449813772293827796e+00
1.791491554540401099e+00
-6.003129485468126081e-01
-5.458304087124159487e-01
-4.307076091539180362e-01
-8.077133688482920348e-01
3.448880825974353082e-01
1.950555270834821942e+00
1.901010826407959708e+00
-3.240026954978397766e-01
1.293063296210862134e+00
-4.736762656707478314e-01
-8.872905145023781692e-01
-3.584333282722604319e-01
-9.192007546901109771e-01
-4.770832910380290448e-02
1.005663238649693536e+00
-6.729065414606297812e-01
1.957784989198795289e-01
-5.381728513904595612e-01
-4.948890180013355566e-01
8.573524506789530486e-01
1.323102536068809121e+00
-1.815331680698595296e+00
5.290575980604973472e-01
4.171250231075747106e-01
8.681573857166688946e-01
2.294610292508978411e+00
2.314982642466723028e-01
-4.111047053804555707e-01
1.999214512332689209e+00
-3.640766748678561093e-01
-1.376024449964307284e+00
-1.694429926588082669e+00
4.113169567959297779e-01
-1.254223840451381244e+00
3.088220134406195472e-01
8.370358831153744406e-02
-1.146748621289286563e+00
-4.462257147819732594e-01
-7.329185040461032585e-01
-1.633961369217164838e+00
1.005720780674710824e+00
4.140050824590641998e-01
1.298019284906549053e+00
3.498855022563074346e-02
-5.039516762222773227e-01
-2.092267620103524184e+00
-5.100351559207496610e-01
1.917093814509546468e-01
4.582255019837718213e-01
-4.487328052810879431e-02
-7.248467522048458456e-01
-5.561378719767605672e-01
-3.780785839208794519e-03
9.738151888507564635e-01
1.464818439930759553e-01
-6.471960390859897716e-01
1.445428159089354292e+00
5.780092216331018662e-01
-5.191367135314501891e-01
-2.271104583217933293e+00
2.270744092359794353e-01
1.720067660948757959e+00
5.884472177626223210e-01
1.256342589837739387e+00
2.163423329262504358e-01
-1.730921526074644667e+00
9.350479058547851441e-01
-5.865105700443747905e-01
1.835624849931902336e+00
2.544309183850096634e+00
-2.043092286715800565e+00
2.557520569434391877e+00
-1.050470878351857484e+00
-5.828090573424070386e-02
-2.169881192066038245e-01
1.962501359661336098e-01
-2.093171166209471523e-01
-1.781832787939383600e+00
8.119323392096087222e-01
1.409237226004425247e+00
-9.816188978964480727e-01
1.853186769031037462e-01
-7.163705407433182959e-01
-3.672665285205403141e-01
-2.812947312779118247e-01
5.639333578213389098e-01
-1.851817209286265697e+00
-6.341387947868398767e-04
1.894072896822693863e+00
-7.437690125023103116e-01
5.312875705316267849e-01
9.526489705966325605e-01
-1.223786494160663540e+00
-2.744294557582831889e-04
1.542839413509375923e+00
-8.613988831984756844e-01
7.674995333628520378e-01
1.832015091223553327e+00
