9.683180491181209160e-02
2.495109730097033462e-01
1.088187602646919938e+00
1.012070320145397995e+00
6.793861072320990235e-01
1.706714143193884370e+00
-4.508594438582563257e-01
-4.508166231488952569e-01
8.772140007231674641e-01
7.686610546980630065e-01
1.167568633046924598e+00
1.000432542194679808e+00
-1.563938706698724812e-01
-1.741335039054503930e+00
1.765609426795315962e+00
1.941633498474338415e+00
1.151376633510776015e+00
1.330078470668803359e+00
-8.778889793899149474e-01
-2.191358452847460281e-01
-1.306907209975327611e-01
1.402211424859987732e+00
3.047163911934368530e-01
1.011569798187820668e+00
-6.671650687710406480e-01
-6.827531666094919238e-01
-1.564357823925278446e+00
2.894234538301238002e-01
1.913324505646972096e+00
-4.810062257480419712e-01
1.447407063068050004e+00
2.930095802869649435e-01
4.442772132281399000e-01
2.578589380165358103e-01
8.010006673701410840e-01
-1.984348647153646727e-01
4.441446589150516155e-01
5.421703407186206913e-02
-7.659708381939783761e-01
-2.888582001988660997e-01
-1.290583788508000262e+00
2.726547958690078155e-01
-1.717740699936114890e+00
-1.493593592577808993e+00
7.393968002124597927e-01
-1.257870328243955171e+00
9.014670104398205819e-01
2.175369414356729703e+00
7.775607741243519833e-01
-9.656284336449304506e-01
1.551075190187101382e+00
6.047411919932833557e-01
-1.811802657535102723e+00
-3.263220040487981866e-01
1.175794111824191024e+00
1.417620788620296002e-01
1.381808081210809336e+00
1.248119424575416581e+00
-1.800696345321089575e+00
-3.768568861141834425e-01
6.154205261971492646e-01
5.451718637038261983e-01
7.750483686142153328e-01
-7.639322618282869959e-01
2.914380759652636099e-01
-1.369097586986330328e-01
-1.126832668905854762e+00
-1.479671007512898262e+00
1.502991240803571715e+00
1.505515109121366102e+00
1.920262302831175383e+00
1.271954693542812320e+00
-7.814892591942194100e-01
1.563573911071556077e+00
8.629859316717838347e-01
-4.776373306719922107e-01
1.490863524625885450e+00
-9.000376488609014292e-01
-4.206792192470945047e-01
-1.294126195184584494e-01
-2.232950912974880908e-01
2.373540784889208055e+00
8.497278352573520710e-01
-1.452429114355746620e+00
-2.968542041605781723e-02
-2.099686900760853736e-01
-8.929033854662556946e-01
1.032407803495120291e+00
1.713513539464899038e+00
4.450992504722176002e-01
-9.996546320571242372e-01
9.115003699391124314e-01
-5.819632244199059168e-02
6.908831475741470385e-01
-1.556522424897289314e+00
-9.078370159863505817e-01
-3.897744330712913929e-01
-1.044526889619141752e+00
1.149104000774334999e-01
1.675537653405812843e+00
6.311340054760670171e-01
-4.719140742517158316e-01
-4.997017233804831871e-02
2.271628778709109953e-01
9.682563294980763846e-01
1.112345380840044529e+00
3.305828735693905895e-01
1.408902185931242945e+00
-8.216386525702520371e-01
2.605264276182966299e+00
-2.494802520312065397e+00
-1.854359105750279513e+00
1.723674908921565552e-01
-3.732293072807902901e-01
5.957394094287726816e-01
-2.503991764682957921e+00
-6.837495279205784149e-01
2.214768962249284545e+00
1.972273891729589002e-01
-6.831631621172871149e-01
-1.008162615151915631e+00
3.772703614761687141e-01
-1.243271792351905658e+00
2.104395917535167859e-03
-6.652667260285637374e-01
1.261590370516169957e+00
-5.686328535026896613e-02
-8.028684934862242439e-01
-7.479584087141932791e-01
8.775156905222974979e-02
-2.984814668503171786e-01
1.066266701469318123e+00
2.042864413217179376e+00
-3.010149248883551287e-01
-1.042608923651506259e-01
1.676986095564972246e+00
1.247364691484467436e-01
2.917870115995416125e+00
8.487755940889681883e-01
3.036023978623228814e+00
-1.573486336639161376e+00
-4.014501084407045561e-01
-1.776930729732961178e-01
-2.110336646277580108e+00
1.589679141379249372e-01
7.402620222475867484e-01
-8.366889397969929920e-01
-1.175853048637862108e-02
-3.205337709832313253e-01
4.870797586977868576e-01
1.377589027286954648e+00
1.119809905685397400e+00
-4.021945165889181939e-02
7.863343176088888331e-02
-2.108009425130263348e-01
3.007787218384765371e-01
-1.036943983102296851e+00
-2.398759527158447757e-01
-3.876939011420796888e-01
-1.205721137917405095e+00
-1.677924521579358119e+00
1.318694058891583643e+00
1.178515492556319599e-01
8.137331992095581112e-01
4.951433987834774619e-02
1.322424932357738392e+00
-1.592863562363441288e+00
-3.078766968777443824e-01
-1.352936194621241761e-02
-9.710463660036114941e-01
-4.715258698720120600e-02
-5.658843036430571960e-02
4.469007481491849565e-01
2.203761745244167958e-01
1.167886108502321219e-01
2.032301064429942739e-01
-2.418073524077853920e-01
8.328835874094374647e-01
1.472082927987311107e+00
1.860279341021009891e+00
1.209108552103143275e+00
-1.031077637585048778e+00
-1.432369600427346734e+00
3.528970164262284492e-01
1.059607584429296256e+00
-1.209434619480171724e+00
-2.900907455359305609e-02
6.191993524842960284e-01
1.024492384402419243e-01
6.735477822362223588e-02
-1.579877299830347415e+00
8.434829870014476372e-01
-1.084829118930838721e-01
-3.929817733199637564e-01
-7.397321037336259675e-01
1.514711675633285681e-01
2.501846774307380783e-01
-6.667736586167822832e-01
-1.955675378684389454e-01
-9.721403538266786271e-01
-2.081765646342832898e+00
-2.552046574536547263e-01
-1.167338541395126494e+00
-4.875458197853298481e-01
-1.689835294363049911e+00
-3.105107210657612193e-01
-3.314489765210787975e-01
-1.451323497826285946e-01
1.994703659596588352e+00
-4.257611414359541158e-01
2.839338764012736549e-01
-9.237463925439284851e-02
1.056291304227250594e+00
-5.697897611442903631e-02
-2.898462092546026381e-01
3.348996262404922986e-01
-3.235824570248166054e+00
2.858400325674959497e+00
3.356897836978323113e-01
1.126983004448949499e+00
-1.071627599619265014e+00
3.672305100398192690e-01
1.730049669959485614e+00
-7.059400524708674407e-01
2.249371346432984087e+00
-1.906573469453823888e-01
5.564711050867532371e-03
-7.075473757458672353e-01
6.647841428581806600e-01
-8.360275173843989549e-01
-5.459427333747460254e-02
1.109651278142639086e+00
-7.742907756403789588e-01
1.333938803206251134e+00
-9.411592977407232663e-01
5.936139765253694023e-01
-3.081602909751527397e-01
8.431377248635542054e-01
2.723741952535113642e-01
-1.827808663992426474e+00
9.495005012939428113e-02
-1.904019532566793571e-01
8.187151168249198196e-01
-5.527025650807513291e-01
-1.080857483064455948e+00
1.918434549433162828e-01
1.574829766592613423e+00
-1.544512307101363335e+00
-1.399649541728523516e+00
-1.027508192196161296e+00
2.645232830718556860e-01
-5.275761795512938779e-01
-1.427852306581944397e+00
1.390556946845455721e+00
1.137199997593493356e-01
2.470078659004693034e-02
8.862310345593091832e-01
-7.646960270182476815e-01
1.265870662331694874e+00
5.491287193049847470e-01
-1.316879325691889369e+00
-1.007764729100957934e+00
1.135115758035108113e+00
-8.385683641532652999e-01
-1.934593785556257273e-01
-1.261847723432861779e+00
-7.581482893717548244e-01
-9.448072640789034748e-01
1.193390785428233736e+00
-1.449385170720150606e+00
-3.285770088502915631e-01
-3.556447414782568650e-01
-1.019703228073228329e+00
-1.110344249962039953e+00
-1.245750345610943111e-01
-1.549667585620853716e+00
-7.287722077168047319e-01
-1.281500219752484293e+00
-2.069020376227677649e-01
-7.908101250632139090e-01
6.996396214327051943e-01
-9.153546737573619030e-01
-1.087947011915159967e+00
-1.984896870862256635e-01
5.215021269851016772e-01
-1.354312122873842394e+00
-1.994808099944352930e+00
-5.445112937742755399e-01
1.760295896560906126e+00
-4.009539154473965583e-01
-2.048986412809530311e+00
-6.270453226567462846e-01
8.255877085294643924e-01
6.955217472348042274e-03
6.217404012458270790e-01
-2.287453841922357789e+00
-8.969149453774899472e-01
-8.263534335348035054e-01
-3.087286160204175678e-01
-1.590772515963773559e+00
2.210215081249733982e-01
-7.041310871392983950e-01
4.017062331305861766e-01
2.056846994300029763e-01
1.395092767981926940e+00
4.290995733862724149e-01
-5.830784013645371466e-01
-2.774120521368251269e-01
-2.358199738596112649e+00
-1.110890132101598482e+00
-8.948254042267556052e-02
2.335493825798559353e+00
-4.065255668125563604e-01
-3.589842997560497850e-01
8.423962029726217438e-01
1.570723980077638249e+00
5.114665196446801509e-01
6.229658466142898865e-01
7.681814892785601145e-01
-4.480167521406636100e-02
-1.610404143810183930e+00
4.662596224174455628e-01
-4.801342867072592724e-01
1.046854673176658590e+00
1.003381268388865655e+00
-1.732144728930407940e+00
-1.141715553703006147e+00
1.121614775369266237e+00
