3.593168973416797085e-01
4.778903554328834402e-01
6.882467717826925568e-01
5.707810232716312160e-02
-1.186624790863059387e+00
9.465220597496882826e-01
-9.784697249454632484e-01
-6.097169135085652725e-01
1.101742832266541378e-01
-2.825544069735403396e-01
9.620572989524276419e-01
-1.365697261448369559e+00
4.103406033355265770e-01
9.775593088360243765e-01
-1.103466823844270750e-02
-2.701721689148776639e-01
-6.594354064773679802e-01
2.190037183872479976e-01
2.385725922340318217e-01
8.894090041131965663e-01
-7.302953619798914497e-02
2.621920035258479276e-01
2.655484906688931335e-01
-5.587059232631538808e-02
-2.864797026479183328e-01
-5.182092040337938910e-01
-4.302736049342640312e-01
5.115017452639057938e-01
2.068834836623675288e-01
4.386778594222467409e-01
-1.842683234856947738e-01
2.036947891101697494e-01
2.138224424511607491e-01
-4.467426147711660023e-01
-5.810530217768660188e-01
-5.497635117758823409e-01
1.950084795230308532e-01
1.160923808340018848e+00
5.660612442506615105e-01
-5.799370378804923343e-01
3.268462004426150869e-01
3.226097887383538865e-01
6.453903335710657885e-01
1.107186046168816274e-01
5.622516235423485886e-01
7.794886352783396422e-02
3.117997352737126859e-01
-7.001775060022512598e-01
-2.028648747433501320e-01
-3.699036803548857999e-02
6.857504675539402017e-01
9.438292148153824002e-01
4.720935437321852612e-01
-2.751213337587428698e-01
-1.237911745595729612e-01
1.259860001600756396e+00
-7.593795607875730713e-01
8.463319779905074114e-01
7.696053846167266732e-02
7.121321757670893149e-01
-9.760312320062061175e-01
-4.824880313747504923e-01
-7.738103542428727000e-01
-4.910429762718723223e-01
8.738659452707900344e-02
3.213785050401004595e-01
-5.707172863981867517e-01
1.656724362138415063e-01
7.120139897336695556e-03
7.869899379018166496e-02
1.125566742029739942e+00
1.409095009873542192e-01
8.313096730714717442e-01
-1.947905836737861551e-01
-4.381975310948014735e-01
-4.695787643878429618e-01
2.388032724585163469e-01
-4.657799083898670478e-01
9.686722563495679950e-01
-3.859254936700877714e-01
-6.366199822625859817e-01
-9.627031453431204033e-01
4.722266674520232410e-01
7.979897967247860935e-01
-1.506231966426940239e-01
-3.203044817665425814e-01
9.299415616742836566e-01
-3.893411711346696502e-01
3.529279531833743322e-01
-1.506138396687559666e-01
7.295696328698142441e-03
-9.056595147431696635e-02
2.423393732490456698e-01
5.810825941929451122e-02
-2.567916907457650222e-01
-9.457150639709646089e-01
-5.673617149769333290e-01
-2.118464879094273390e-01
-1.751409133716443911e-01
-4.323653057986376336e-01
-5.087899309690351313e-01
3.734875878445822472e-01
-4.076518521051860633e-01
3.386898073799471942e-01
5.343537047287159059e-01
3.461686807090430529e-02
4.630099740825344701e-01
-1.622931348250531425e-01
-7.951643520090173611e-01
8.654058240759060494e-01
3.758395263327216074e-02
8.191414156746490427e-01
-9.205771570247105462e-01
-6.275302162187408328e-01
-1.251491987789139504e-01
-7.381369950178041650e-01
-6.120045182416546936e-01
-1.705151890629564293e-01
1.978792864304269039e-01
1.734978315446335406e+00
-6.792880823814606561e-01
-1.017608389225098664e+00
1.608725578841010417e-01
-3.812965949756106920e-01
3.464035096009637771e-01
-5.949370011757231236e-01
-1.537404589744606920e+00
-4.529412459119007139e-01
-1.502372325388250829e+00
-2.120481991254407728e+00
4.908286823894482120e-01
-4.928481663314658867e-01
2.659723184025252207e-01
-1.429600431256047854e-01
3.118427281696763836e-02
1.812369453734435920e-02
2.690800559691883809e-01
-3.684908936495860932e-01
1.279872400444942437e-03
2.633051477566621390e-01
1.279874382825071821e+00
2.774843475145746252e-01
-7.284249716217056081e-02
-9.876995342913778841e-02
-1.057826281193520845e+00
4.763857405145596746e-02
5.065827039679203780e-01
-4.876813835456634827e-01
3.255781362559668768e-01
3.392304456969294502e-01
1.082213462743502497e+00
-6.408600651429465778e-01
6.181093155219611335e-01
1.584018418897099323e-01
8.408028651142145371e-01
-7.209397903150722708e-01
4.048657312983283130e-01
1.685710630072887461e-01
1.072234200685398653e+00
-6.887742712489012264e-01
-2.589463669235113064e-01
-3.657095090292356576e-01
3.701929536006335897e-01
-9.439610789066016361e-01
-1.115165531088788464e+00
1.762436281372491198e+00
4.548450818005309593e-01
2.358451969081811761e-01
3.561602774865468835e-01
1.948938699028694987e-01
5.335984480852152823e-01
-7.585893508777312721e-01
-3.586807562602474797e-01
1.334142433459352795e+00
-8.121531001420804197e-01
-3.264085061100642782e-01
2.424194613892011740e-01
1.519700915289509957e-01
4.291678410790488174e-01
-3.268426444103004758e-01
-2.482635283576922203e-01
2.922882189620635285e-01
-3.542631116439068917e-01
-1.059280737121801041e-02
9.911773073396190625e-02
-1.296265845715396936e-02
-8.040702118904917706e-01
3.478708966875536102e-01
6.755835573001693906e-01
-5.272976765088842610e-01
1.376722806632574070e+00
5.002367080274613409e-01
-3.981025024536744006e-01
-8.477087694826761499e-01
1.352025142323279860e-01
-1.996114088940520448e-02
-6.867223494768454062e-01
4.720119506877518828e-02
3.162324621864551211e-01
3.721666294229825644e-01
-1.809805279406105916e-01
-1.971157647580759620e-01
-4.568860763983608742e-01
6.898013446874831645e-02
-2.469373227101339385e-01
-3.432136809268580002e-01
1.526790746455358727e-02
2.552211471388394770e-01
-1.650630289652214033e-01
5.016537529900996217e-01
7.329227291888011919e-01
-1.252211113479516413e+00
-7.648236760073713336e-01
2.689235551514692624e-01
-5.086364708334576434e-01
-3.090238201297010878e-01
9.451470272793632832e-02
3.262112663674897606e-01
-1.257472735662844010e-01
7.464894286808787527e-02
-6.496860576514261743e-01
8.088632767322960493e-02
-4.373716491158659014e-01
3.470556535464106029e-02
-2.227743823392035472e-01
7.508293949756052188e-02
8.662832949750292055e-01
-7.537749340091852712e-01
-8.454366859197819106e-02
-9.254802521430699480e-02
1.669802590274580556e-01
-3.466072376862543436e-01
2.816899353703573583e-01
3.040992971648147081e-01
4.587119438501686131e-01
4.767454729088413945e-01
-1.023046817493033389e+00
-1.612153886514246182e+00
-3.197399910218257091e-01
-2.764210634753129225e-01
1.507077463775553239e-01
3.383830208336106593e-01
-6.645564474889840145e-01
-2.246472477737182505e-03
4.946178628871239491e-01
-1.182158048081336510e+00
-6.818717211831373248e-01
2.416862830573740517e-02
-3.856640026641972585e-01
1.474780822035922423e+00
-2.747564308415844092e-01
-8.045414098313097284e-02
1.837940541911780856e-01
-9.807527521562444672e-01
-8.443114119557394437e-01
9.003001757508474201e-01
-2.386044727541528354e-01
8.127610608038740025e-01
-8.395490439528130455e-01
-3.981387254377980467e-01
1.480831561853567901e+00
7.709387863424744802e-01
-6.816923204593852703e-02
2.061363825354894930e-02
2.399894607624239451e-01
2.112627157491794860e-01
7.349343474616797378e-01
7.733571730380675024e-01
5.816724609808893165e-01
1.332130393593700113e-03
1.587964099353129099e-01
4.043083777795856704e-01
-3.839891422228487450e-01
-5.642889749292463453e-01
-5.436277156849831371e-01
1.139507375887775786e-01
-8.933118782034985550e-01
1.467292890354478518e-01
8.510001449222086567e-01
2.323676142651974197e-01
-1.432229335513458990e+00
-1.584235458644415173e-01
-9.844741531319840810e-02
6.083152647286369508e-01
5.471606812215429327e-01
-1.068926182648396173e-01
-2.391260158013600035e-02
4.670783615340142747e-01
4.243184458463410968e-01
6.150508731099304516e-01
5.457114191157284022e-01
-4.344411491213528986e-01
1.401668837424890901e-01
-1.928981007385099922e-02
3.211342509428952163e-02
5.627449105035425836e-01
-2.632720033966073903e-01
7.485041782453283332e-01
-5.632377723750938703e-01
-5.883320537229614899e-01
-3.957443366507946703e-01
8.865820633032578391e-01
-2.280716035983711976e-01
4.982854856316168424e-02
-5.389075671442941085e-01
4.569314671082000956e-01
9.904036554141990578e-01
2.975520937603382543e-01
5.689146761258395690e-01
5.210464191964292446e-01
-5.640929829389463857e-01
-3.602392698641195823e-01
2.965125559051112747e-01
2.512230706770304453e-02
3.913054576091867798e-01
-1.073165650563875584e+00
4.386090797449144763e-01
5.305781362821354596e-01
1.835130212125187232e-01
2.185833255668636343e-01
-4.326085851362803103e-01
9.500894791930858396e-01
-7.798329075457569592e-01
-4.444357209842807466e-01
6.939883906789567902e-01
6.933446169082925215e-01
1.086600820969898962e+00
2.326665405489683369e+00
