-2.501193881341341463e-01
2.437481815210228442e-01
-9.639644080025240314e-01
6.178774649606774139e-01
-9.070184871903578250e-01
3.618793023938657871e-01
-4.717016765677439216e-01
1.305126040831353640e-01
9.838652940217404996e-01
-4.131114446937024787e-01
1.299109855609494879e+00
4.121639187186054154e-01
5.571050654908369371e-01
-4.376667732883362527e-01
-1.814161854349812808e+00
-6.143899651727658950e-01
1.030439826689366400e+00
1.518758614859336165e+00
-5.694086249561504109e-01
1.008880603054175040e+00
6.002079779876564603e-01
8.566295847846534528e-01
-1.334221182851816234e+00
7.241329090752353093e-01
9.981463600385173107e-01
2.256079660880747073e-02
-3.682790564982088566e-01
5.165566306929272322e-01
1.458098290741035363e+00
5.309646394662446145e-01
3.491312310398292373e-01
-4.541232205508685116e-01
-7.971547454220727635e-01
9.945886532748243747e-01
-2.471906928426919947e+00
-1.581810115133838845e+00
-2.939908698836556922e-01
1.510626923971404079e+00
2.057594771884171614e+00
5.341279898360388190e-01
-4.811213962387320686e-01
-7.987753166479243383e-01
-3.367764745076105015e-01
-4.926064247808974450e-01
-8.421386850291026072e-01
3.420688151223206797e-01
-1.726117004987388404e+00
1.729466244028440292e-01
1.394679239495172640e-01
-2.544536405644934884e+00
-2.975628547979570770e-01
1.692311361811827508e+00
8.952608414668076220e-01
1.268514714709958247e+00
2.690672634363814320e-01
3.021326835598144855e-01
3.650878968252058709e-01
-9.890141187235322873e-01
-2.193313322147638356e-01
-2.372432781875814523e-01
-1.568821876653325287e+00
1.567877771708851453e+00
-6.593831339637760136e-01
1.634064884240546522e+00
-2.292427150268872893e+00
-1.958168783411688429e-01
-2.691785651566088511e+00
-8.683916413781039845e-01
6.031138247352466619e-01
-1.379960779656271841e-01
3.833103193770744932e-01
-1.825080482104786572e+00
1.246794190501773425e+00
9.273501397851792172e-01
-1.810763792248164084e+00
-5.772576996884167810e-01
-1.447748945350977978e+00
9.871848000910704579e-01
2.732069516739942250e-01
2.926046547233357442e-01
1.107965470918259587e+00
-7.777200216028995472e-01
1.856408791048641760e+00
1.881402451090137706e+00
-3.866626182356692198e-01
-1.664334537044231510e+00
-7.799448345196988708e-01
4.752148233118512199e-01
-3.134284186063507338e-01
9.105431683246129060e-01
7.833452855094232836e-01
7.020408328478552340e-01
2.814687728715747461e+00
1.503240051203152960e+00
1.099076550585310619e+00
-7.037751396518842073e-01
7.831011309687993527e-02
-3.365076765812603288e+00
1.901552921616188607e-01
2.724394662614057605e+00
-2.821546534398522987e-01
1.193457957262891833e+00
-6.427100944448944642e-01
8.419826035417904420e-01
7.441824052984575832e-01
-1.772758159798562272e-01
1.000563681153218809e+00
-2.631387250668510092e+00
-2.343339169375055764e-01
-3.467408579344389286e-01
1.190489652368893481e-01
4.534901700771062916e-01
-1.064449994406728273e+00
6.048961067127953672e-01
-1.006499695454364351e+00
2.558467145498577455e+00
5.526047559413593824e-01
4.833926541632686535e-01
-1.223634816361336197e+00
1.187761559009240797e-01
6.494401313197242231e-01
5.609048935966564065e-01
-5.377289657024805214e-01
6.032802325592890869e-01
-2.005325797937327792e+00
-1.419439355456868501e-01
4.525362641854105417e-02
-8.332755939838506487e-01
1.095523577857764996e+00
5.073118790706659942e-01
-7.867891337226140536e-01
-1.484570758723710249e+00
-1.488779959398423891e+00
7.507722606335883730e-01
4.438695165484156657e-01
1.516837186481909683e+00
-2.863001931980340697e-01
1.916266028631041118e+00
4.100430217049134685e-01
3.845177150678159017e-01
3.072498758786695316e-01
-1.018195788053191109e+00
1.425409801540726606e+00
1.751503108319956148e-01
1.120432084072252588e+00
2.412690041494496285e-01
1.445707436998948936e-01
5.155618253254896644e-01
1.313247394804026857e+00
-1.412303741308734484e+00
2.679687467749828356e-01
-6.113496875571304834e-01
-9.470132135932496364e-01
6.516596261727746198e-01
-1.389957063275267579e+00
-4.456547141702497106e-01
1.180627309317243689e-01
-2.473469485891439945e-02
7.421492653915503501e-01
5.137284327431657083e-03
2.463426354831244058e-01
6.659463924336765928e-01
2.296360407320926500e-01
-3.362733093159321340e-01
3.639676298407307220e-01
-1.545773519236870008e+00
4.324343570462642061e-01
2.816586948702672899e+00
-2.005167540501118228e+00
1.024158473433876559e-01
7.542228108170945244e-01
9.901622048587579439e-01
-5.933971539110081128e-01
7.576814942870724323e-01
-1.256304808352312063e-01
5.813462142924996634e-02
1.068337102041647224e+00
4.768202558026920501e-01
4.686636888348843510e-01
7.516509806510000002e-01
-1.110147410438888649e+00
-9.691713499491864114e-01
-2.083717014533570389e-01
6.087832201135171539e-01
-4.126278435919968901e-01
-9.016743091636862661e-02
6.862831581332513586e-01
1.610721528467895736e+00
4.882526810613439516e-01
-5.931731706816470995e-01
-4.495892956745385360e-01
-4.475805439779765305e-01
-1.523615557379170760e+00
-4.909249425968669200e-01
-6.428820786686955113e-01
-3.570048787809106949e-01
2.720756914977156549e-01
-1.211377600423259482e+00
-3.460488719199339425e-01
9.078816320850527921e-01
-8.969655520579425945e-01
-5.550922859807732035e-01
1.325999071421878561e+00
-2.904005996959110325e-01
6.509535393402465786e-01
8.014312995244918247e-02
-1.668310697974699552e+00
-1.722251799255891003e+00
9.824485578531098051e-01
7.718089037518010009e-01
1.964057128796335094e+00
2.424612543815065635e-01
9.501852145840810060e-01
-1.765010222312165311e+00
-1.155099755114145754e+00
-2.965305673086578775e+00
-1.548166944135365597e+00
1.125971845174455144e+00
1.577345292458071979e+00
-1.767470763238402576e+00
-9.979791617468605214e-01
-7.235531878162506647e-01
1.387748544049884902e+00
-5.075146219417834281e-01
1.662141311269053512e+00
8.087505278398925412e-01
-1.425972664887934060e+00
-3.065180900779738704e-01
-2.275675981182630814e+00
-5.740598774123006898e-01
1.121626166617689213e+00
-9.071060305690785697e-01
-1.323565885704505618e+00
-1.414653705857352062e+00
4.653988604692728404e-02
6.010074178641326981e-01
1.349589591357528429e-01
1.660107596116405571e+00
-1.187679549056502637e+00
1.382767812064936930e+00
-7.874933453370487335e-01
-1.069317385661025632e+00
1.134552236823371141e+00
4.342284942858518071e-01
2.003595394460119805e-01
8.186612322438815426e-01
-5.298137433913827632e-01
-1.148911598503233433e+00
1.922459627711010921e-01
-7.635592689857976234e-01
1.414028471533920861e+00
-1.560000848406338125e+00
-7.644488129098351292e-01
1.858348309735369464e+00
-1.279219108307374730e+00
-9.281366186146842168e-01
5.976639791659058565e-01
5.071503962628668427e-01
-1.714720320114864749e-01
1.937155081022393865e+00
-1.190701452035999086e+00
-5.068536058447236092e-01
-2.081963519592559819e-01
1.617394970671467980e-01
-3.052902630154624930e+00
2.582594463333364398e+00
1.567048001836758520e+00
-1.989318588617805306e+00
1.740432114919489237e+00
6.951828471489573946e-02
-8.112963376297279705e-01
3.430717372854946712e-01
8.169645669929697096e-01
1.517353128875996271e+00
2.232072115058477135e-01
-5.070561630958352328e-01
-3.273946488245992326e-01
-4.329493989828127609e-01
-4.303290053554202355e-01
1.012714247190922734e+00
-3.081335864740679664e-01
-2.049680709118383515e+00
-8.534163378413389678e-01
1.069451068532058180e+00
-1.078838976294138607e-01
-6.480655119036662359e-01
-7.426537200694139917e-01
3.944581927053684156e-01
-4.767232390100160089e-01
1.059295919452514667e+00
-9.332567278377869036e-01
-3.286913823625844389e-01
1.115977512824902762e-01
4.842170008100544765e-01
1.013423131965174528e+00
-1.254214769323887868e+00
-1.914680063323032089e-01
1.597534297845311535e+00
9.508359203754335187e-01
1.221780116025074081e+00
1.247047606261574515e+00
-9.944676797232661070e-01
-5.945750229026025568e-02
-1.139082116673050926e+00
-1.283381077287989669e+00
1.959612204247785483e+00
-1.411248537818813320e+00
-4.784317694499135576e-01
2.949316453395930404e-01
1.393621825103182887e-01
9.902424964477335445e-02
-6.971560763777466530e-03
5.798463560082151025e-02
-1.193609899492983129e+00
8.010748182883440371e-01
1.223731419401962395e+00
3.170229636353878028e-02
-4.534194358261570690e-01
-8.042991608200911191e-02
1.211289230998049193e+00
-1.545015264802667154e+00
-1.358972335931760922e+00
-9.943847572928493639e-01
-2.750744282072034586e-01
4.087637946632766694e-01
3.235314788981009659e-01
-9.747916042336942644e-01
1.309116948202558195e+00
