2.533730829540038476e-01
-1.050917081995041968e+00
4.463727574806994891e-01
-3.922956285979385394e-01
2.861333758549508000e-01
8.438919816883680980e-01
2.294140849805851867e-01
-3.700584538931381284e-02
2.173540714462923462e-01
6.993350312465606011e-01
1.363981976252924000e-01
-1.128562267328413693e+00
-7.043427263182658882e-01
-9.301559839418861442e-01
3.825600429182068885e-01
5.560875709314877513e-03
-6.663749108818702860e-01
-5.950115625934123686e-01
1.772989721591776979e-01
-2.421933718398541213e-01
1.389954456810678363e-01
-1.191157241519268106e-01
2.988926087988458269e-01
-5.899294285773746260e-01
1.492205017578857040e-01
-4.175162386935474257e-01
-9.186632888421039644e-02
-4.493114416832806324e-01
1.045130052664901665e+00
8.196022811430262456e-01
-1.029094380716357948e+00
-2.956969928397737424e-01
-6.540451110074732566e-02
-5.878456594512292410e-01
-1.113750224171315528e+00
-4.832292685407028610e-01
2.714426692312297273e-01
2.519892097214657123e-01
-1.225317760605781070e-01
8.300142810899530099e-02
-3.753043450811810455e-02
-2.840154297625754887e-02
-1.322361496048225504e+00
1.060340606428298527e+00
2.924404839954196644e-01
-3.277351537054995489e-02
1.465785892506321630e-01
-2.642503888617458996e-02
-6.219163439836508100e-01
-3.537911810418115643e-01
-2.044344723500945982e-01
8.213862653690879867e-01
5.536957469623967620e-01
2.137770418431913511e-01
-1.671597475371759678e-02
3.197719022238688091e-01
2.066806788001160911e-01
-4.331450105468788725e-01
2.187163714081284960e-01
-5.649129981230417430e-01
-2.135622204204141283e+00
1.451867289067395150e+00
4.934492766176060696e-01
2.734827266538111812e-01
1.427640748008681237e+00
1.893593382041648621e+00
-1.696205065729520234e-01
1.369708304541392918e+00
-8.503082283733753854e-01
-3.376680588078971867e-01
-3.575999676485179801e-01
-4.399899851814789153e-01
-9.914284871721696923e-01
-2.003441612090439972e-01
-1.195113378235031776e-01
-1.669304567380858750e-01
-4.168613151570712549e-01
1.418406372590464426e-01
-1.075779589755235799e-01
-4.009334717861203212e-01
6.672176161448256648e-01
-7.632371709153066286e-01
4.657847948874928312e-02
-1.467144687936824676e-01
-3.134114446967817269e-01
1.356964896609672566e-01
-2.110581249880490173e-02
-1.204517070245001431e-01
-5.079712860456796486e-01
9.735491839603462871e-01
-1.198657382078405664e+00
-1.248823823329594962e+00
-3.372474375807529845e-02
-5.300635196339820165e-02
2.741048034200085359e-01
1.636238224211174486e-01
-1.898119877758601137e-01
4.511703140424222491e-01
1.585397864674491508e-01
9.009627252230918426e-01
-9.773150042061393705e-01
-4.561900080652089295e-01
6.860979023338029115e-02
8.113628384890690937e-01
-3.301208358965127543e-01
-3.341808033285050272e-01
2.285854595943254131e-01
-4.780711829269960189e-01
-2.859788162641720421e-01
-1.294292458275829727e+00
-6.068221278571432897e-01
2.891344061629395057e-01
9.707107939323026402e-01
9.101039602628013814e-01
2.558584058100770164e-01
-5.614001790414414605e-01
-1.103532280877841942e-01
-4.382201990412148973e-01
5.609902962700470674e-02
-1.020168759709267459e+00
-4.633107714239489971e-01
7.219129650745474969e-01
-3.931369750436801425e-02
-7.567493574888655150e-01
9.949701985475569721e-01
6.627634127203696490e-02
1.567751502625559956e+00
1.204053096015000213e+00
1.022743001164184484e+00
8.359904290103551405e-01
-5.087697477199266682e-01
6.932492586691864078e-01
4.018419837179763032e-01
-1.344881756388290439e+00
5.880984202160179919e-01
7.082397870529788531e-02
-2.113361159423199631e-01
-1.802161004081151430e-02
1.866300460868269284e-01
-1.601783899735161609e-01
7.268275287383917371e-01
-8.547627088056199973e-01
4.666227174918836651e-01
3.649008379183819040e-01
1.188619639295965813e+00
-6.717434022948454153e-02
-5.342817132913113554e-01
1.120578209114630325e-01
1.292760237631794817e-01
-6.824411610603112743e-01
5.251684653494789190e-01
-7.058630031874065791e-01
-2.156545812374898174e-01
-1.642371366501568009e+00
-8.597491746294577686e-01
9.658911953388166216e-01
4.676193434417371675e-01
2.497395749600794523e-01
-9.232094687905850749e-01
8.529561157280651784e-01
3.537019275146280894e-01
1.243401698491105600e+00
3.742966083432874846e-01
-1.285782440504571245e+00
9.494774501644324127e-01
1.874424421298704069e-01
-4.968969404392811207e-01
2.469375233200554742e-02
1.131470183613304537e+00
3.510494573376026217e-01
-3.387090048572902745e-01
-8.379742260054144909e-01
1.061150395250952005e+00
-1.063026066507312406e-01
5.497032668531804944e-01
-8.613225454563648853e-01
3.052061473688127413e-01
-2.133465045665987603e-01
1.275907398945195781e-01
-1.290038243899815362e-01
-9.440638183540177586e-01
1.873745526745466128e-01
-2.205215630656537362e-03
6.748529129812980143e-01
-8.850897496716556012e-02
6.363745208516420337e-01
-1.027135890391599249e+00
3.143634222621235486e-01
1.508984397615101281e-01
-7.878174841762159986e-01
-8.866538433531864216e-01
4.626977751320749954e-01
6.149660747161695973e-01
-9.635713489824835332e-01
-6.470497126531896681e-01
4.859458585644176321e-01
7.304559275982074329e-01
2.507565365251678280e-01
-2.483587814856953457e-01
2.433326961195056426e-02
-2.203943941863984735e-01
-3.948429626387588431e-01
-3.231599430161919417e-01
4.922382131591616083e-01
9.188443662984312477e-01
5.045500624003864676e-01
5.368995591018268509e-01
-7.895686481764145892e-01
-2.620561570008494434e-01
-4.421158319640179912e-01
1.504462852414054086e-02
-2.681797655867823593e-01
1.170234583957226349e+00
-7.232342418312065480e-01
3.587526620268594590e-01
8.737774732495233732e-01
5.467765516462337327e-01
6.698670830255630537e-02
-3.461257761136457001e-01
3.712306206926630492e-01
-1.896302715381584236e-01
-1.040589630904566465e-01
1.154429839612642006e+00
-4.398633446272686154e-01
1.057649268229962969e+00
2.599338213457590419e-01
1.149946567577947165e-01
4.950936937618620748e-01
-3.824379262332792684e-01
-4.551644928277096339e-03
5.727198252889331709e-01
7.858254372572018864e-01
-3.257951127421708781e-01
-1.207603404477717968e+00
-2.525747076441056671e-01
-2.555938838846266714e-01
5.287828976183506224e-01
6.017371585740253215e-01
5.310893490719165166e-02
4.153575060795180462e-01
2.124000368927256299e-01
-3.535705039545936068e-01
3.722380823526343918e-01
2.481199597219083397e-01
-5.575751000393680545e-01
-1.078711281779970221e+00
3.442470705337062897e-01
-3.316690788814796176e-01
-1.158404453656440403e+00
-3.176335475978130096e-02
1.040965126238966754e+00
8.042956379572785419e-01
-3.983486623664273529e-01
1.588325291641082826e-01
1.159498716937526375e+00
2.151943260763913568e-01
1.027498385654936897e+00
1.017193847269250773e+00
1.556332736337641132e-01
-4.959216911021588348e-01
6.042501158468044364e-01
3.058703095702703934e-01
2.245850017431304246e-01
-3.622273733208557500e-01
-1.432697882084537910e-01
3.024210114381677972e-01
1.346257898646036066e-04
-2.162102505606940117e-01
-6.954126382042403742e-01
1.384676459447072849e-01
-6.739536721225578564e-01
-4.389500658892359075e-01
7.011703654595555779e-01
-2.120963228499660458e-01
1.342777479572020705e-01
1.871051856236090050e+00
-5.390586433288583335e-01
1.164748654509963344e-01
5.061185772505241154e-01
-1.968896422492114884e-01
-6.677485025985608891e-01
-1.997988175749389750e-01
-2.679686834582633015e-01
-7.988905055762320906e-01
-5.067528256948243826e-01
-2.394334079481646171e-01
5.026786948055733673e-01
1.820678897283787012e-01
-1.498206320915296819e-01
-2.018636028259628290e-01
-8.328136466063670307e-01
-1.838635246478140806e-01
-2.937171159287910172e-01
2.301312876561944221e-01
6.405270620374968749e-01
3.409761919291921517e-01
-5.845227626347953009e-01
2.820678311246903325e-02
1.145774796760263170e+00
3.232407795184475408e-01
-1.438769357642439295e-01
-3.364238371938421124e-01
7.107584181227931674e-01
-7.277691869805166247e-01
2.952096959034781198e-01
-1.153062163454857458e+00
1.030677377968330255e+00
-2.634069765774154082e-01
4.010840755921388223e-01
-1.799225277702433123e-01
6.405748203739770608e-01
1.434979035529967972e-01
-9.184901564627079296e-02
-1.008255361433478159e+00
9.231094244627902068e-02
-3.860734750924662562e-01
2.945981024661674108e-01
5.864312982303601096e-01
1.054525877399578038e+00
5.887653262290393902e-02
-9.619548645145370447e-01
8.318713883965176414e-01
-4.335237381950168833e-01
-3.203046277142606590e-01
-4.343347973039248799e-01
-7.455648228722264736e-01
6.576280180710791790e-01
-5.023913344933809144e-01
