-5.040173876857330093e-01
-3.405221407417587942e-01
-1.572898507396413015e-01
2.763057574695142460e-01
-5.224577160604523263e-01
4.803664873668639368e-02
-4.367025294721491036e-01
-3.254021276469882262e-01
9.611863575956982597e-01
-4.357018674964737159e-01
6.424220834766926069e-01
1.131467004981587809e+00
-4.381484336335966789e-01
5.697500256531775609e-01
4.183395634841876043e-01
-5.689374898501797784e-01
2.979876366196761994e-01
-2.655029997882824011e-01
-9.481153659431099667e-01
-3.009056236829058539e-01
4.384304036746518030e-01
4.493103929449809852e-02
4.001702885671280518e-01
-2.037384909835764923e-01
-1.438382837399411474e-01
5.541920510982810411e-03
4.754355781175790829e-01
3.987992496236454354e-01
2.517653225888851765e-01
1.373408246594173265e-01
-1.409337246652372921e-01
7.379768223943800054e-02
-1.741711972214693704e-01
9.902863847359102412e-01
2.371280444577994750e-01
1.518059337986684409e-01
2.208080455399933639e-01
-4.523509627767322017e-01
9.285870912326177340e-01
-1.387598060472022166e+00
2.397961886756978522e-01
-4.761375331015573753e-01
1.716555277806980917e-01
4.991466805058687450e-01
-6.051403510390006568e-01
9.940715400058175444e-02
1.041920254896332221e+00
-9.382628439949867172e-01
-1.611780859102974750e-01
4.618305411878799727e-01
6.466360134382920233e-02
2.315612484387316594e-01
-4.665783918335383862e-02
-9.450690972972948245e-01
1.930399393459851509e-01
3.605070004631786285e-01
-4.804935966986616513e-01
-3.149549243957276978e-01
2.185557599048522648e-01
8.594122318218124779e-01
2.642139533807075780e-01
-1.770290930520177497e-01
2.716290243982438790e-01
2.767227004467695539e-01
-9.582753131752159981e-02
3.299710392866728736e-01
1.574514872956749023e-02
3.607074086749906816e-01
7.715071577838701344e-01
-6.603799357334634301e-01
7.138445686078573882e-01
-4.339481071764899056e-01
1.830871158799328990e-01
-1.843192429292628970e-02
-1.645013847200111345e-01
-6.763850883689412896e-01
2.496719795738253922e-01
2.547997299048895825e-01
8.404081257597634247e-01
1.034566906521124041e+00
-2.564127449910619805e-01
-2.608987918503724024e-01
-1.590071781251033434e-01
-4.503955596994346222e-01
1.330200322786414813e-01
1.363067771119060301e-01
-3.237426634259802372e-01
2.349674695394375346e-01
2.957334184395173371e-01
-4.359326289275862187e-01
-1.787798502195499240e-01
5.759107998718239196e-01
-5.532550711746380134e-01
-1.136023057623936738e+00
-3.539995294519763247e-01
-6.489301904590576431e-01
-4.299380354474440225e-01
3.067694893070145867e-01
-6.543741387305199719e-01
2.823831067797132888e-01
-6.774684691239369894e-01
-1.035248162504832647e-01
-6.265243350537306188e-01
-8.724422057929972496e-01
-5.034011014407218099e-01
-2.024375839695005397e-01
2.174534121891434912e-01
6.998894158290437373e-01
2.989979576581042742e-01
-4.314753139130042547e-01
1.074439151260951242e+00
2.929874573894540868e-01
7.678857327607362393e-01
-2.457210822740056866e-01
-3.539795300211390217e-01
1.019347813058661262e-01
-3.273611489413132403e-01
1.132763750010577358e-01
-3.534713724616219688e-01
-1.205158814012030621e+00
5.649797242394900554e-01
-1.865075326355398189e-01
-4.207304887938274063e-01
1.950635842577775891e-01
-4.148425429458584279e-01
-1.856810453018757912e-01
-2.051821064691464469e-01
3.224478062897954689e-01
-1.976902138388553221e-01
2.759614598657789131e-01
2.978288072279305920e-01
-2.312883769092134167e-01
9.747350327322329422e-01
-3.312694867367629303e-01
6.108579843574041268e-01
-1.667422779982516978e-01
-4.931763180331432128e-01
-5.045927202893485397e-03
-4.306620477070898234e-01
-3.994766294289596731e-01
2.544814740725413471e-01
2.154544698867113528e-01
-2.051032737892994340e-01
1.335622587401499306e-01
-1.129269960530200789e+00
3.525207229170509438e-01
6.428915488327377470e-02
-6.220676160932127052e-01
3.028446027236011417e-01
-1.122553140272581462e+00
1.472256744797167394e-01
-1.559694817714881998e-01
-7.125990486321631678e-01
-6.701881325220855334e-01
-5.354157563563847200e-01
7.310444708920511570e-01
-6.322480437949212773e-02
5.453689495882403371e-01
6.036219492332431380e-02
-2.452649255953265328e-02
6.074505597553478964e-01
-1.040832729785796384e-01
9.403450801773582945e-01
-3.196414449908080435e-01
8.457296737496654282e-02
2.618879614610328810e-01
-3.465992813285108110e-01
4.850093409487014895e-02
1.987565151572216193e-01
-1.810582615896130232e-01
-1.001950258404806088e-01
-1.813474928578507894e-01
-3.317125761948276352e-01
1.744698565198183893e-01
-8.614640693599655563e-01
3.761769602708983640e-01
7.830197341640192654e-01
-4.668932752627016902e-03
4.421325965381170953e-01
-2.766775261281004261e-01
2.257891269376339771e-01
-3.866540587033737708e-01
-7.008760173826262818e-01
9.476630693145193796e-03
-4.343748841663817584e-01
-4.392595624381434583e-03
-3.653416539121769890e-01
3.270557183839810089e-01
-3.285976687876580593e-01
-5.241597676978936027e-02
6.371142693450668193e-02
-1.127351675710785428e-01
9.122800376309945225e-01
1.176440945221651768e+00
2.957172978151432763e-01
-2.612627115903530250e-01
-3.632770156837912268e-01
-1.991130477462502990e-01
4.219971398181466271e-01
4.400463165527481735e-01
-3.128035348836815666e-01
4.473493697359071097e-01
-8.750998461181058730e-01
-1.128024552610997322e+00
-3.185052127796145216e-02
3.522587331363671859e-01
-1.697323214032791794e-01
3.451626519704195650e-01
9.155251656381223624e-01
-4.021151130311433342e-01
-1.862384433919201387e-01
-1.360183069197324623e-01
8.250557647873325851e-02
-3.593825924022189255e-01
1.015524538764072338e+00
-1.408473969018581573e-01
1.829576761548221686e-01
-2.281891194523005817e-01
9.520544616182083919e-01
-8.083768345734800853e-01
-7.121978726197580878e-01
-8.649791556266330783e-01
-2.799569207982954833e-01
-4.764576142790327151e-01
2.976168650579191777e-01
-1.107024925360126311e+00
-1.282682553703816453e+00
1.639702922266625285e+00
3.866306449090242126e-01
7.505086078185404519e-01
-1.425677193942666676e+00
8.794299607115021455e-01
-3.677508410762724833e-01
-1.579443700425767760e-01
-4.127737137984242022e-01
4.161262317988203563e-01
-1.318679164482769728e-01
4.790173691936058242e-01
-3.952769165003441332e-01
-7.466532908733274354e-01
2.422179720435974903e-01
5.906447463759594702e-02
-3.508182434055480692e-01
-3.659054285700774622e-02
-1.237800525717009270e+00
1.841709584592212401e-01
3.440013971976226825e-01
-4.137523087327548144e-01
1.101304530682805760e+00
-6.258344617433665436e-01
4.791034707723408614e-02
2.899996825948175649e-02
-4.661581691749202561e-01
-1.721205260299465412e-01
4.444073604903707175e-01
6.683891907987052905e-01
-3.621810996782544034e-01
-7.990145480648066512e-01
-1.363414114077960149e-01
1.084181068124669078e+00
5.634859658159454554e-01
7.430963853469069180e-01
-4.370395249929251991e-01
8.936686391668027807e-02
1.334456626253279626e-03
4.667532897718588702e-01
-1.367510673793342624e-01
1.073755679761017046e+00
1.281060826929935337e-01
1.100661088938023058e-01
-6.658173157440211432e-01
3.227785436154374521e-01
1.400985560190302348e-01
-3.851092594111313328e-01
2.234346409500124198e-01
-1.364739116501318072e+00
-2.914862732768994102e-01
2.945532462301892473e-01
7.314873985292473790e-01
-2.062267320959281225e-01
-2.458868382445615897e-01
5.581286421549862542e-01
-6.994267186933906810e-01
-3.928876990641645417e-01
4.260525283961674181e-01
2.400585197963285566e-02
7.446562216094076980e-02
1.573827633797489911e+00
2.315649514080149740e-01
-6.729653427231813145e-01
-3.795934312486598516e-01
-9.903764780999017026e-01
5.219630970233767320e-01
-5.654492007126349362e-02
4.352159514905286075e-01
-4.101481527654767811e-01
-1.987493898173264550e-01
-5.558244438067626580e-01
7.453031991069942741e-01
-6.412845505168560667e-01
1.937698146053447867e-01
2.258443525669252827e-02
-9.648528504135236439e-01
7.394613246996141198e-01
6.227741482240614079e-01
-2.922509613809992635e-01
4.721019575279511993e-01
-1.261007303109388522e-01
1.062168200349639546e+00
-3.638351415936549177e-02
-2.458893067152972678e-01
4.899625183610994972e-02
7.154561194342133890e-01
1.211381646419892544e+00
-3.464346977496198243e-01
2.294735733517718757e-01
2.020256445724760985e-01
2.630701638898840233e-01
-1.205489261283760744e-01
1.082107773671156931e-01
5.008685007856270577e-01
5.123461362269400299e-01
-5.447985080654295098e-01
1.961322540662799874e-01
-4.175485054354215464e-01
1.334274632540733141e-01
-2.289629827719875943e-01
2.304881985026116520e-02
